,bass,,,,cvc5,,,,ostrich,,,,z3-noodler
filename,real,user,sys,mem,real,user,sys,mem,real,user,sys,mem,real,user,sys,mem
instance00022,0.52,0.44,0.05,56572,0.05,0.02,0.00,8900,1.89,1.80,0.08,221060,0.06,0.04,0.01,26268,
instance00049,0.51,0.44,0.05,56920,0.03,0.02,0.00,8968,1.79,1.64,0.12,216928,0.07,0.04,0.01,26268,
instance00052,0.51,0.45,0.04,57292,0.04,0.02,0.00,8968,1.88,1.77,0.09,220132,0.06,0.03,0.01,26268,
instance00055,0.51,0.44,0.05,56972,0.04,0.02,0.00,8968,1.68,1.54,0.12,207168,0.06,0.04,0.01,26272,
instance00064,0.49,0.42,0.05,56328,0.04,0.02,0.00,8176,2.01,1.82,0.16,219160,0.06,0.04,0.00,24484,
instance00073,0.49,0.42,0.05,56064,0.13,0.02,0.00,8176,1.85,1.73,0.11,217416,0.07,0.03,0.01,24484,
instance00075,0.52,0.45,0.05,57860,0.04,0.02,0.00,8968,1.83,1.70,0.12,208120,0.15,0.03,0.01,26268,
instance00076,0.53,0.46,0.04,64988,0.04,0.02,0.00,8968,1.67,1.57,0.09,213096,0.06,0.03,0.01,26272,
instance00079,0.52,0.45,0.04,55760,0.03,0.02,0.00,8176,1.81,1.65,0.13,207196,0.06,0.03,0.01,24484,
instance00086,0.46,0.41,0.04,63620,0.04,0.02,0.00,8176,1.80,1.70,0.09,214436,0.08,0.03,0.01,24484,
instance00089,0.47,0.41,0.04,64104,0.04,0.02,0.00,8968,1.94,1.80,0.12,218500,0.06,0.04,0.01,26276,
instance00097,0.50,0.44,0.05,58336,0.05,0.02,0.00,8968,1.83,1.72,0.10,219220,0.06,0.04,0.01,26268,
instance00106,0.47,0.41,0.04,65164,0.03,0.02,0.00,8176,1.83,1.71,0.08,215944,0.06,0.04,0.01,24484,
instance00115,0.47,0.42,0.04,64320,0.03,0.02,0.00,8968,1.82,1.72,0.09,221136,0.06,0.04,0.01,26268,
instance00141,0.51,0.43,0.05,56196,0.03,0.02,0.00,8176,1.78,1.69,0.08,218988,0.06,0.03,0.01,24484,
instance00154,0.46,0.41,0.04,63940,0.03,0.02,0.00,8176,1.90,1.79,0.09,221860,0.06,0.04,0.01,24484,
instance00159,0.49,0.43,0.04,63744,0.03,0.02,0.00,8176,1.61,1.50,0.10,205836,0.07,0.04,0.01,24484,
instance00180,0.53,0.47,0.04,56016,0.03,0.02,0.00,8176,1.86,1.73,0.10,214928,0.06,0.03,0.01,24484,
instance00185,0.52,0.45,0.05,58028,0.03,0.02,0.00,8176,1.90,1.78,0.11,223112,0.07,0.03,0.01,24484,
instance00186,0.53,0.46,0.04,55876,0.03,0.01,0.00,8176,1.91,1.79,0.10,221108,0.07,0.04,0.01,24484,
instance00209,0.52,0.45,0.04,55884,0.04,0.02,0.00,8176,1.89,1.77,0.11,216468,0.07,0.04,0.01,24484,
instance00214,0.52,0.46,0.04,56016,0.04,0.02,0.00,8176,1.90,1.78,0.10,218940,0.06,0.03,0.01,24484,
instance00217,0.52,0.45,0.05,56164,0.04,0.01,0.00,8176,2.02,1.89,0.11,220508,0.06,0.03,0.01,24484,
instance00219,0.55,0.47,0.05,58340,0.03,0.01,0.00,8968,1.77,1.61,0.12,208472,0.06,0.04,0.01,26272,
instance00228,0.52,0.46,0.05,63380,0.03,0.02,0.00,8176,2.05,1.95,0.09,227484,0.06,0.03,0.01,24484,
instance00248,0.49,0.43,0.04,63616,0.04,0.02,0.00,8176,1.86,1.76,0.08,215496,0.07,0.04,0.01,24484,
instance00259,0.50,0.44,0.03,63728,0.03,0.02,0.00,8968,1.72,1.59,0.11,210304,0.06,0.04,0.01,26272,
instance00285,0.53,0.46,0.05,56844,0.04,0.02,0.00,8968,1.92,1.79,0.11,218792,0.07,0.04,0.01,26272,
instance00294,0.49,0.43,0.03,63556,0.04,0.02,0.00,8968,1.62,1.51,0.10,202940,0.06,0.03,0.01,26272,
instance00302,0.49,0.43,0.04,63340,0.03,0.01,0.00,8176,1.97,1.86,0.10,220636,0.06,0.03,0.01,24484,
instance00316,0.45,0.40,0.03,63260,0.03,0.02,0.00,8176,1.75,1.60,0.11,202716,0.08,0.04,0.01,24484,
instance00323,0.48,0.42,0.04,63712,0.04,0.02,0.00,8968,1.86,1.75,0.10,218784,0.08,0.03,0.01,26268,
instance00328,0.54,0.48,0.05,58232,0.04,0.02,0.00,8968,1.98,1.84,0.12,220744,0.09,0.04,0.01,26280,
instance00332,0.48,0.42,0.04,65096,0.04,0.02,0.00,8968,1.94,1.81,0.11,221424,0.07,0.04,0.01,26272,
instance00339,0.48,0.43,0.04,63708,0.03,0.02,0.00,8968,1.97,1.86,0.09,222156,0.06,0.04,0.01,26268,
instance00349,0.43,0.37,0.03,62312,0.04,0.02,0.00,8176,1.99,1.85,0.11,220412,0.06,0.03,0.01,24484,
instance00355,0.45,0.39,0.04,63260,0.04,0.02,0.00,8176,1.92,1.81,0.10,219112,0.06,0.04,0.00,24484,
instance00363,0.55,0.49,0.04,62000,0.03,0.02,0.00,8968,1.90,1.74,0.11,210956,0.07,0.03,0.01,26268,
instance00375,0.51,0.44,0.05,64252,0.03,0.02,0.00,8968,2.00,1.90,0.09,222048,0.06,0.03,0.01,26280,
instance00380,0.49,0.42,0.04,63200,0.04,0.02,0.00,8176,1.62,1.50,0.11,207336,0.06,0.03,0.01,24484,
instance00394,0.50,0.43,0.05,63808,0.03,0.02,0.00,8176,1.93,1.82,0.10,219036,0.06,0.03,0.01,24484,
instance00398,0.52,0.45,0.04,63924,0.03,0.02,0.00,8968,1.67,1.56,0.10,212204,0.06,0.04,0.01,26272,
instance00400,0.52,0.45,0.04,63076,0.03,0.02,0.00,8176,1.87,1.75,0.10,214136,0.06,0.03,0.01,24484,
instance00404,0.48,0.42,0.04,64456,0.04,0.02,0.00,8968,1.69,1.59,0.09,210976,0.06,0.03,0.01,26272,
instance00406,0.48,0.43,0.03,63852,0.04,0.02,0.00,8176,1.92,1.74,0.13,210376,0.07,0.03,0.01,24484,
instance00418,0.47,0.42,0.03,64284,0.04,0.02,0.00,8968,1.77,1.64,0.12,208040,0.07,0.04,0.01,26268,
instance00430,0.49,0.43,0.04,63912,0.04,0.02,0.00,8176,1.61,1.50,0.09,210736,0.07,0.03,0.01,24484,
instance00435,0.47,0.43,0.03,65416,0.03,0.02,0.00,8968,1.91,1.79,0.11,222668,0.06,0.03,0.01,26268,
instance00463,0.52,0.46,0.04,63572,0.04,0.02,0.00,8968,1.78,1.66,0.10,214712,0.08,0.03,0.01,26272,
instance00470,0.47,0.42,0.04,63496,0.03,0.02,0.00,8968,1.87,1.74,0.11,212684,0.07,0.03,0.01,26268,
instance00476,0.48,0.42,0.04,64052,0.04,0.02,0.00,8176,2.11,2.00,0.10,226948,0.07,0.03,0.01,24484,
instance00480,0.48,0.43,0.03,64044,0.04,0.02,0.00,8968,1.97,1.79,0.14,215148,0.06,0.04,0.01,26272,
instance00481,0.50,0.45,0.04,63432,0.04,0.02,0.00,8176,1.95,1.84,0.09,223396,0.07,0.03,0.01,24484,
instance00492,0.46,0.40,0.04,63604,0.03,0.02,0.00,8176,1.71,1.57,0.12,207924,0.07,0.03,0.01,24484,
instance00495,0.51,0.46,0.04,64404,0.03,0.02,0.00,8176,1.87,1.77,0.09,219424,0.08,0.03,0.01,24484,
instance00496,0.47,0.40,0.05,56768,0.04,0.02,0.00,8176,1.89,1.78,0.09,215148,0.08,0.03,0.01,24484,
instance00497,0.48,0.42,0.04,56932,0.04,0.02,0.00,8968,1.99,1.84,0.13,217096,0.07,0.04,0.01,26280,
instance00501,0.51,0.44,0.04,57156,0.04,0.02,0.00,8968,1.95,1.83,0.11,222900,0.07,0.03,0.01,26280,
instance00519,0.50,0.44,0.04,64876,0.04,0.02,0.00,8176,1.61,1.46,0.11,200204,0.06,0.04,0.00,24472,
instance00525,0.46,0.41,0.04,54728,0.04,0.02,0.00,8968,1.90,1.75,0.13,214044,0.07,0.04,0.01,26268,
instance00530,0.50,0.44,0.04,63160,0.03,0.01,0.00,8176,1.87,1.77,0.08,216784,0.06,0.04,0.01,24484,
instance00538,0.48,0.42,0.05,57168,0.04,0.02,0.00,8968,1.90,1.80,0.09,217644,0.06,0.03,0.01,26268,
instance00586,0.46,0.39,0.04,56376,0.03,0.01,0.00,8176,1.93,1.82,0.09,217708,0.06,0.03,0.01,24484,
instance00588,0.50,0.43,0.04,56740,0.03,0.02,0.00,8968,1.79,1.67,0.11,210652,0.06,0.04,0.01,26268,
instance00609,0.49,0.42,0.04,55680,0.04,0.02,0.00,8176,1.99,1.87,0.10,218296,0.06,0.03,0.01,24484,
instance00611,0.51,0.44,0.04,63340,0.03,0.02,0.00,8176,1.70,1.51,0.15,201444,0.06,0.03,0.01,24484,
instance00617,0.51,0.45,0.03,63772,0.02,0.02,0.00,8176,1.82,1.69,0.11,205476,0.05,0.03,0.01,24484,
instance00630,0.46,0.41,0.04,56596,0.02,0.02,0.00,8968,1.70,1.58,0.10,213700,0.05,0.03,0.01,26272,
instance00640,0.46,0.40,0.04,56112,0.03,0.02,0.00,8176,1.90,1.79,0.09,218696,0.06,0.03,0.01,24484,
instance00642,0.46,0.41,0.04,56024,0.03,0.02,0.00,8176,1.84,1.73,0.09,215396,0.07,0.03,0.01,24484,
instance00647,0.51,0.44,0.03,62132,0.04,0.02,0.00,8176,1.74,1.61,0.12,206884,0.07,0.04,0.00,24484,
instance00660,0.51,0.44,0.06,54952,0.04,0.02,0.00,8968,1.80,1.63,0.13,204528,0.07,0.03,0.01,26272,
instance00661,0.52,0.44,0.04,63392,0.04,0.02,0.00,8176,1.96,1.85,0.10,219436,0.06,0.03,0.01,24484,
instance00676,0.52,0.45,0.04,56372,0.08,0.02,0.00,8968,1.74,1.61,0.11,207580,0.06,0.03,0.01,26272,
instance00677,0.52,0.47,0.04,58348,0.03,0.01,0.00,8968,2.01,1.89,0.10,222696,0.07,0.03,0.01,26280,
instance00679,0.52,0.47,0.04,57192,0.03,0.02,0.00,8968,1.88,1.77,0.10,218636,0.06,0.04,0.01,26268,
instance00686,0.52,0.46,0.03,63572,0.04,0.02,0.00,8176,1.85,1.73,0.10,215208,0.06,0.03,0.01,24484,
instance00689,0.55,0.48,0.04,57540,0.03,0.02,0.00,8968,1.85,1.73,0.10,209596,0.08,0.03,0.01,26268,
instance00713,0.55,0.48,0.04,65064,0.04,0.02,0.00,8968,1.91,1.74,0.13,211720,0.07,0.03,0.01,26272,
instance00714,0.54,0.47,0.05,56876,0.03,0.02,0.00,8968,1.82,1.72,0.09,216132,0.07,0.04,0.00,26272,
instance00715,0.53,0.47,0.05,56940,0.04,0.02,0.00,8968,1.79,1.65,0.12,207732,0.07,0.03,0.01,26268,
instance00722,0.54,0.47,0.04,57416,0.03,0.02,0.00,8176,1.82,1.72,0.09,214500,0.06,0.03,0.00,24484,
instance00730,0.47,0.40,0.05,61904,0.04,0.02,0.00,8968,1.83,1.72,0.09,219584,0.07,0.03,0.01,26272,
instance00731,0.48,0.43,0.04,56188,0.03,0.02,0.00,8968,1.87,1.75,0.09,216888,0.06,0.03,0.01,26272,
instance00740,0.52,0.45,0.04,57744,0.04,0.02,0.00,8176,1.75,1.63,0.11,205852,0.06,0.03,0.01,24484,
instance00742,0.51,0.44,0.05,56208,0.04,0.02,0.00,8176,1.94,1.79,0.11,213780,0.07,0.03,0.01,24484,
instance00765,0.49,0.44,0.04,56656,0.03,0.02,0.00,8968,1.87,1.75,0.11,219324,0.07,0.03,0.01,26268,
instance00774,0.49,0.43,0.04,57652,0.03,0.02,0.00,8176,1.98,1.83,0.13,217924,0.06,0.03,0.01,24484,
instance00776,0.50,0.44,0.04,58224,0.03,0.02,0.00,8968,1.80,1.70,0.09,218188,0.07,0.04,0.01,26272,
instance00777,0.51,0.45,0.04,57420,0.04,0.02,0.00,8968,1.91,1.80,0.10,221576,0.06,0.03,0.01,26272,
instance00782,0.53,0.46,0.06,58516,0.03,0.02,0.00,8968,2.08,1.93,0.13,231756,0.07,0.03,0.01,26276,
instance00784,0.50,0.44,0.04,57688,0.03,0.02,0.00,8056,1.76,1.64,0.11,205480,0.06,0.03,0.01,24484,
instance00793,0.51,0.45,0.05,57212,0.03,0.02,0.00,9012,1.90,1.80,0.09,220492,0.14,0.03,0.01,26268,
instance00801,0.53,0.44,0.06,58156,0.04,0.02,0.00,8968,1.93,1.76,0.13,211788,0.06,0.03,0.01,26272,
instance00804,0.50,0.44,0.04,56860,0.04,0.02,0.00,8968,1.89,1.74,0.14,217464,0.07,0.03,0.01,26272,
instance00820,0.51,0.44,0.05,56960,0.04,0.02,0.00,8968,1.90,1.78,0.10,220980,0.08,0.03,0.01,26268,
instance00827,0.48,0.42,0.04,56380,0.03,0.02,0.00,8176,2.01,1.81,0.13,213996,0.07,0.03,0.01,24484,
instance00845,0.49,0.43,0.04,58436,0.04,0.02,0.00,8968,1.93,1.80,0.10,220796,0.06,0.03,0.01,26268,
instance00847,0.49,0.43,0.05,55560,0.04,0.02,0.00,8176,1.87,1.76,0.10,217816,0.06,0.03,0.01,24484,
instance00859,0.49,0.43,0.05,57388,0.05,0.02,0.00,8968,1.89,1.78,0.10,218984,0.06,0.03,0.01,26268,
instance00860,0.51,0.43,0.05,56132,0.03,0.02,0.00,8968,1.81,1.66,0.11,207764,0.06,0.03,0.01,26272,
instance00861,0.48,0.42,0.05,54800,0.03,0.02,0.00,8968,1.71,1.57,0.12,211612,0.06,0.03,0.01,26272,
instance00862,0.49,0.43,0.04,56480,0.02,0.02,0.00,8176,1.62,1.52,0.09,210808,0.06,0.03,0.01,24472,
instance00865,0.50,0.45,0.03,57112,0.03,0.02,0.00,8968,1.93,1.79,0.12,218244,0.07,0.04,0.01,26268,
instance00883,0.50,0.44,0.04,57764,0.03,0.02,0.00,8968,1.85,1.74,0.09,215768,0.08,0.03,0.01,26268,
instance00901,0.51,0.45,0.04,57196,0.04,0.02,0.00,8968,1.91,1.81,0.09,221004,0.06,0.04,0.00,26268,
instance00905,0.51,0.45,0.04,56256,0.05,0.02,0.00,8176,1.77,1.63,0.09,207568,0.06,0.03,0.01,24484,
instance00907,0.52,0.44,0.06,56624,0.05,0.02,0.00,8968,1.88,1.78,0.08,220064,0.06,0.04,0.01,26272,
instance00918,0.49,0.41,0.05,55888,0.04,0.02,0.00,8176,1.71,1.60,0.10,214112,0.07,0.04,0.01,24484,
instance00923,0.49,0.42,0.04,56040,0.05,0.02,0.00,8968,1.78,1.68,0.09,217060,0.06,0.04,0.01,26272,
instance00935,0.48,0.42,0.04,57548,0.04,0.02,0.00,8176,1.90,1.76,0.12,223984,0.06,0.04,0.01,24484,
instance00938,0.55,0.48,0.04,57800,0.04,0.02,0.00,8968,2.14,2.02,0.10,233632,0.08,0.03,0.01,26284,
instance00948,0.49,0.42,0.05,56608,0.03,0.02,0.00,8968,1.67,1.56,0.10,213640,0.07,0.03,0.01,26272,
instance00952,0.47,0.42,0.04,56144,0.03,0.02,0.00,8176,1.88,1.77,0.09,216732,0.06,0.03,0.01,24484,
instance00956,0.50,0.43,0.05,56416,0.03,0.02,0.00,8968,1.70,1.55,0.10,207320,0.06,0.04,0.01,26272,
instance00957,0.53,0.46,0.05,58400,0.04,0.02,0.00,8968,1.87,1.76,0.10,222804,0.06,0.03,0.01,26268,
instance00961,0.47,0.41,0.04,56180,0.03,0.02,0.00,8176,1.85,1.73,0.10,217336,0.06,0.03,0.01,24484,
instance00970,0.47,0.42,0.03,56132,0.04,0.02,0.00,8176,1.94,1.82,0.11,220476,0.08,0.03,0.01,24484,
instance00977,0.48,0.42,0.04,58132,0.04,0.02,0.00,8968,1.76,1.65,0.10,209504,0.06,0.03,0.01,26268,
instance00985,0.53,0.47,0.04,56692,0.03,0.02,0.00,8968,1.78,1.67,0.10,221412,0.08,0.03,0.02,26268,
instance00986,0.50,0.44,0.04,56772,0.04,0.02,0.00,8968,1.91,1.80,0.10,222736,0.10,0.03,0.01,26268,
instance00993,0.49,0.44,0.04,57288,0.04,0.02,0.00,8968,1.91,1.79,0.11,219020,0.07,0.03,0.01,26268,
instance01014,0.50,0.44,0.04,56288,0.03,0.02,0.00,8176,1.70,1.58,0.08,207712,0.12,0.03,0.01,24484,
instance01023,0.52,0.44,0.04,56108,0.05,0.02,0.00,8176,1.70,1.58,0.09,216328,0.08,0.03,0.01,24484,
instance01028,0.47,0.41,0.04,56052,0.04,0.02,0.00,8176,1.78,1.66,0.11,217552,0.07,0.03,0.01,24484,
instance01030,0.49,0.42,0.05,56976,0.04,0.02,0.00,8968,1.90,1.61,0.10,211336,0.07,0.04,0.01,26272,
instance01040,0.47,0.41,0.04,56496,0.03,0.02,0.00,8176,1.90,1.77,0.11,213408,0.07,0.04,0.01,24484,
instance01048,0.51,0.46,0.04,57440,0.04,0.02,0.00,8176,1.92,1.81,0.10,212592,0.08,0.03,0.01,24484,
instance01053,0.49,0.44,0.04,58352,0.03,0.02,0.00,8968,1.94,1.83,0.10,218260,0.06,0.03,0.01,26268,
instance01054,0.49,0.43,0.04,56820,0.04,0.02,0.00,8968,1.93,1.80,0.10,219636,0.08,0.04,0.01,26268,
instance01056,0.49,0.43,0.05,55932,0.05,0.02,0.00,8176,1.93,1.79,0.09,209548,0.07,0.03,0.01,24484,
instance01057,0.51,0.45,0.04,56444,0.03,0.02,0.00,8176,1.92,1.82,0.09,212680,0.08,0.03,0.01,24484,
instance01067,0.47,0.40,0.04,56080,0.03,0.02,0.00,8176,2.15,2.03,0.10,229632,0.06,0.04,0.01,24484,
instance01088,0.48,0.42,0.05,57420,0.03,0.02,0.00,8968,2.01,1.87,0.12,222404,0.07,0.03,0.01,26268,
instance01089,0.47,0.41,0.04,56432,0.04,0.02,0.00,8968,1.85,1.74,0.10,211848,0.07,0.03,0.01,26272,
instance01101,0.49,0.42,0.05,56344,0.02,0.02,0.00,8176,1.83,1.73,0.10,209336,0.10,0.03,0.01,24484,
instance01107,0.50,0.42,0.04,57928,0.04,0.02,0.00,8176,1.82,1.70,0.10,211848,0.06,0.03,0.01,24484,
instance01121,0.47,0.41,0.04,57324,0.04,0.02,0.00,8968,2.08,1.96,0.10,227692,0.07,0.04,0.01,26280,
instance01135,0.50,0.44,0.05,57820,0.03,0.02,0.00,8968,1.82,1.70,0.10,217752,0.09,0.04,0.01,26272,
instance01146,0.55,0.48,0.05,57816,0.03,0.01,0.00,8968,2.09,1.91,0.12,222940,0.08,0.04,0.01,26284,
instance01168,0.47,0.41,0.04,57108,0.04,0.02,0.00,8968,1.93,1.79,0.12,221796,0.06,0.04,0.01,26272,
instance01189,0.49,0.42,0.04,57512,0.04,0.02,0.00,8968,2.13,2.02,0.09,231088,0.07,0.03,0.01,26272,
instance01197,0.47,0.41,0.04,56872,0.04,0.02,0.00,8968,1.95,1.83,0.11,223032,0.06,0.03,0.01,26276,
instance01235,0.48,0.42,0.04,57828,0.03,0.01,0.00,8176,1.86,1.76,0.09,214032,0.06,0.02,0.01,24484,
instance01242,0.48,0.42,0.04,57828,0.04,0.02,0.00,8968,1.80,1.68,0.11,217456,0.07,0.03,0.02,26268,
instance01256,0.47,0.42,0.04,58060,0.03,0.02,0.00,8968,1.71,1.59,0.09,210304,0.08,0.03,0.01,26272,
instance01258,0.52,0.46,0.03,56300,0.04,0.02,0.00,8968,1.79,1.68,0.10,214764,0.06,0.03,0.01,26272,
instance01271,0.53,0.45,0.04,56292,0.03,0.02,0.00,8968,1.86,1.74,0.11,220384,0.10,0.04,0.01,26268,
instance01273,0.46,0.40,0.03,56268,0.03,0.02,0.00,8176,1.65,1.52,0.11,205964,0.06,0.03,0.01,24484,
instance01274,0.44,0.39,0.04,55972,0.02,0.02,0.00,8176,1.70,1.55,0.11,208244,0.06,0.04,0.01,24484,
instance01275,0.47,0.40,0.04,56716,0.03,0.02,0.00,8968,1.97,1.85,0.10,222216,0.11,0.04,0.01,26268,
instance01277,0.49,0.44,0.04,59660,0.03,0.02,0.00,8176,2.15,2.03,0.11,231300,0.08,0.03,0.01,24484,
instance01287,0.47,0.41,0.04,56840,0.04,0.02,0.00,8968,1.94,1.82,0.11,221068,0.07,0.03,0.01,26268,
instance01297,0.46,0.40,0.04,56308,0.04,0.02,0.00,8176,1.89,1.78,0.10,210024,0.10,0.03,0.01,24484,
instance01298,0.51,0.44,0.05,63540,0.02,0.02,0.00,8176,1.75,1.61,0.12,210896,0.08,0.03,0.01,24484,
instance01325,0.53,0.45,0.04,64036,0.04,0.02,0.00,8176,2.05,1.94,0.09,222388,0.06,0.03,0.01,24484,
instance01335,0.52,0.44,0.05,56056,0.04,0.02,0.00,8176,1.97,1.86,0.11,221012,0.06,0.03,0.01,24484,
instance01338,0.52,0.44,0.04,56000,0.03,0.02,0.00,8176,1.71,1.60,0.09,206340,0.06,0.03,0.01,24484,
instance01353,0.56,0.50,0.03,58504,0.03,0.02,0.00,8968,1.89,1.75,0.10,218564,0.06,0.04,0.01,26272,
instance01355,0.56,0.46,0.04,64812,0.03,0.02,0.00,8968,1.91,1.80,0.10,220176,0.06,0.03,0.01,26268,
instance01359,0.51,0.45,0.05,57788,0.02,0.01,0.00,8968,1.84,1.74,0.09,218312,0.06,0.03,0.01,26272,
instance01360,0.52,0.46,0.04,56596,0.03,0.02,0.00,8968,1.67,1.54,0.12,204728,0.06,0.03,0.01,26272,
instance01361,0.52,0.45,0.05,64928,0.03,0.01,0.00,8968,1.98,1.86,0.10,222556,0.09,0.04,0.01,26272,
instance01367,0.54,0.46,0.05,63400,0.04,0.02,0.00,8968,1.94,1.82,0.10,220360,0.06,0.04,0.00,26280,
instance01368,0.49,0.43,0.05,56508,0.03,0.02,0.00,8176,1.92,1.79,0.11,218900,0.06,0.03,0.01,24484,
instance01369,0.51,0.45,0.04,56968,0.03,0.02,0.00,8968,2.03,1.92,0.09,224984,0.06,0.03,0.01,26280,
instance01376,0.50,0.42,0.05,55744,0.04,0.02,0.00,8176,1.91,1.78,0.11,215848,0.06,0.03,0.01,24484,
instance01401,0.49,0.43,0.04,56632,0.04,0.02,0.00,8968,1.82,1.69,0.09,215400,0.07,0.03,0.01,26268,
instance01402,0.47,0.40,0.04,54972,0.04,0.02,0.00,8968,1.80,1.67,0.11,216980,0.06,0.03,0.01,26272,
instance01408,0.50,0.45,0.04,63572,0.03,0.02,0.00,8968,1.96,1.84,0.10,222476,0.06,0.03,0.01,26272,
instance01410,0.50,0.45,0.03,65748,0.03,0.02,0.00,8968,1.77,1.67,0.09,222564,0.06,0.03,0.01,26272,
instance01412,0.48,0.43,0.04,63288,0.03,0.01,0.00,8176,2.02,1.90,0.10,222536,0.05,0.03,0.00,24484,
instance01414,0.50,0.44,0.05,64220,0.04,0.02,0.00,8968,1.72,1.61,0.10,208920,0.09,0.04,0.01,26272,
instance01425,0.51,0.43,0.06,64072,0.04,0.02,0.00,8176,2.11,1.96,0.13,232892,0.06,0.03,0.01,24484,
instance01427,0.48,0.40,0.05,57304,0.04,0.02,0.00,8176,1.75,1.61,0.12,210352,0.05,0.02,0.01,24484,
instance01428,0.46,0.40,0.04,55244,0.04,0.02,0.00,8968,1.79,1.69,0.08,213352,0.05,0.03,0.00,26272,
instance01447,0.47,0.41,0.04,56232,0.10,0.02,0.00,8176,1.68,1.52,0.12,211456,0.06,0.03,0.01,24484,
instance01458,0.49,0.43,0.04,56940,0.04,0.02,0.00,8968,1.83,1.69,0.12,217764,0.06,0.03,0.01,26268,
instance01468,0.50,0.45,0.03,65252,0.04,0.02,0.00,8968,1.96,1.85,0.09,220448,0.06,0.03,0.01,26272,
instance01474,0.49,0.43,0.03,63352,0.04,0.02,0.00,8968,1.82,1.72,0.08,216704,0.05,0.03,0.01,26272,
instance01476,0.48,0.42,0.05,57220,0.03,0.02,0.00,8968,1.80,1.70,0.09,210824,0.05,0.03,0.01,26268,
instance01478,0.49,0.43,0.04,63776,0.03,0.01,0.00,8176,2.15,2.03,0.11,231852,0.05,0.03,0.00,24484,
instance01484,0.48,0.42,0.03,63760,0.03,0.02,0.00,8176,2.06,1.95,0.10,224676,0.05,0.03,0.01,24484,
instance01491,0.50,0.44,0.04,64932,0.03,0.02,0.00,8176,1.97,1.84,0.11,219224,0.06,0.03,0.01,24484,
instance01492,0.46,0.41,0.04,57704,0.03,0.02,0.00,8176,1.85,1.68,0.11,209624,0.06,0.03,0.01,24484,
instance01495,0.47,0.41,0.05,58396,0.03,0.02,0.00,8968,1.88,1.76,0.09,218428,0.06,0.04,0.01,26268,
instance01523,0.50,0.44,0.04,57240,0.03,0.02,0.00,8968,1.97,1.84,0.12,221180,0.08,0.03,0.01,26284,
instance01526,0.47,0.42,0.04,55916,0.03,0.01,0.00,8176,1.84,1.72,0.09,214432,0.06,0.04,0.00,24484,
instance01527,0.48,0.42,0.04,65392,0.02,0.01,0.00,8968,1.94,1.84,0.09,221012,0.06,0.03,0.01,26272,
instance01544,0.44,0.39,0.04,65380,0.04,0.02,0.00,8176,1.67,1.54,0.11,205060,0.05,0.03,0.01,24484,
instance01558,0.44,0.39,0.04,56000,0.03,0.02,0.00,8176,1.97,1.86,0.09,219232,0.06,0.04,0.01,24484,
instance01567,0.46,0.41,0.04,63248,0.04,0.02,0.00,8968,1.89,1.72,0.11,214528,0.07,0.04,0.01,26272,
instance01568,0.50,0.44,0.04,64500,0.04,0.02,0.00,8968,1.92,1.78,0.13,219220,0.06,0.03,0.01,26276,
instance01576,0.51,0.43,0.05,64920,0.03,0.01,0.00,8176,2.04,1.93,0.09,221400,0.05,0.03,0.01,24484,
instance01592,0.46,0.41,0.04,56244,0.03,0.02,0.00,8176,1.58,1.47,0.09,207444,0.05,0.03,0.01,24472,
instance01593,0.45,0.40,0.03,55960,0.04,0.02,0.00,8176,1.71,1.60,0.08,212348,0.06,0.03,0.01,24484,
instance01610,0.48,0.43,0.03,56292,0.03,0.02,0.00,8176,1.74,1.59,0.14,209280,0.06,0.03,0.01,24484,
instance01612,0.47,0.40,0.05,56148,0.04,0.02,0.00,8176,1.77,1.64,0.12,211392,0.07,0.03,0.01,24484,
instance01614,0.47,0.42,0.03,65168,0.03,0.01,0.00,8176,1.94,1.84,0.09,223348,0.06,0.03,0.01,24484,
instance01617,0.47,0.41,0.04,65180,0.04,0.02,0.00,8176,1.79,1.67,0.11,214200,0.07,0.04,0.01,24484,
instance01633,0.47,0.41,0.04,64492,0.04,0.02,0.00,8968,1.89,1.78,0.09,217308,0.05,0.04,0.01,26268,
instance01653,0.45,0.40,0.04,56148,0.03,0.01,0.00,8176,1.82,1.67,0.10,215324,0.06,0.03,0.00,24484,
instance01657,0.52,0.45,0.04,63340,0.02,0.02,0.00,8968,1.94,1.80,0.13,227412,0.06,0.04,0.01,26272,
instance01658,0.50,0.45,0.04,63996,0.02,0.01,0.00,8968,1.93,1.82,0.09,217576,0.05,0.03,0.01,26268,
instance01660,0.49,0.43,0.04,57912,0.04,0.02,0.00,8968,1.79,1.67,0.10,214592,0.06,0.03,0.01,26272,
instance01666,0.46,0.41,0.04,57544,0.03,0.02,0.00,8176,1.91,1.79,0.11,217076,0.05,0.03,0.01,24484,
instance01669,0.48,0.42,0.04,56812,0.02,0.01,0.00,8968,1.80,1.69,0.09,214536,0.06,0.03,0.01,26268,
instance01688,0.49,0.43,0.04,56948,0.04,0.02,0.00,8968,1.95,1.84,0.09,222544,0.07,0.03,0.01,26268,
instance01690,0.49,0.43,0.04,63932,0.04,0.02,0.00,8968,2.06,1.95,0.10,230008,0.06,0.03,0.01,26276,
instance01695,0.46,0.41,0.04,63924,0.02,0.02,0.00,8176,1.95,1.84,0.10,226032,0.07,0.03,0.01,24484,
instance01697,0.47,0.41,0.03,65468,0.04,0.02,0.00,8968,1.71,1.55,0.11,207324,0.07,0.04,0.01,26272,
instance01701,0.48,0.43,0.03,58540,0.03,0.02,0.00,8968,1.81,1.67,0.13,218508,0.06,0.03,0.01,26272,
instance01711,0.46,0.41,0.04,65280,0.03,0.02,0.00,8176,1.92,1.81,0.09,221076,0.07,0.03,0.00,24484,
instance01716,0.49,0.43,0.04,63732,0.05,0.02,0.00,8968,1.78,1.67,0.10,215272,0.06,0.03,0.01,26272,
instance01718,0.47,0.41,0.04,56312,0.03,0.01,0.00,8176,1.78,1.62,0.13,209100,0.06,0.03,0.01,24484,
instance01725,0.46,0.40,0.04,56508,0.03,0.02,0.00,8176,1.88,1.75,0.10,213676,0.05,0.03,0.01,24484,
instance01732,0.47,0.42,0.04,56928,0.03,0.01,0.00,8176,1.76,1.65,0.10,213520,0.06,0.03,0.01,24484,
instance01733,0.49,0.43,0.03,63904,0.04,0.02,0.00,8176,1.91,1.80,0.09,216612,0.08,0.04,0.01,24484,
instance01745,0.48,0.42,0.04,63884,0.03,0.02,0.00,8176,1.86,1.71,0.10,212828,0.06,0.04,0.01,24484,
instance01746,0.48,0.41,0.05,64392,0.04,0.02,0.00,8176,1.77,1.65,0.09,211348,0.05,0.03,0.01,24484,
instance01749,0.47,0.39,0.05,56488,0.03,0.01,0.00,8176,1.99,1.84,0.12,228560,0.06,0.03,0.01,24484,
instance01758,0.49,0.44,0.03,61564,0.03,0.02,0.00,8176,2.05,1.93,0.11,227008,0.05,0.03,0.01,24484,
instance01768,0.52,0.47,0.04,64116,0.03,0.02,0.00,8968,1.96,1.84,0.11,223268,0.06,0.04,0.01,26272,
instance01779,0.50,0.44,0.04,63648,0.02,0.02,0.00,8176,1.79,1.65,0.12,210700,0.06,0.03,0.01,24484,
instance01785,0.51,0.45,0.04,64292,0.03,0.02,0.00,8968,1.95,1.79,0.13,218292,0.07,0.03,0.01,26268,
instance01795,0.49,0.44,0.03,63700,0.06,0.02,0.00,8968,1.82,1.70,0.10,213720,0.09,0.03,0.01,26272,
instance01805,0.50,0.44,0.04,62568,0.03,0.02,0.00,8968,1.88,1.77,0.10,215020,0.07,0.04,0.01,26272,
instance01808,0.52,0.46,0.04,63688,0.03,0.02,0.00,8968,1.89,1.73,0.11,209776,0.06,0.03,0.01,26268,
instance01814,0.50,0.44,0.04,64996,0.04,0.02,0.00,8176,1.96,1.85,0.09,217624,0.07,0.03,0.01,24484,
instance01819,0.52,0.47,0.03,63644,0.04,0.02,0.00,8968,1.94,1.81,0.11,217184,0.09,0.04,0.01,26268,
instance01828,0.50,0.45,0.04,63840,0.03,0.02,0.00,8176,1.67,1.55,0.10,208592,0.06,0.03,0.01,24472,
instance01831,0.52,0.46,0.04,64332,0.03,0.01,0.00,8968,1.91,1.79,0.11,214836,0.06,0.03,0.01,26268,
instance01834,0.53,0.46,0.05,65016,0.03,0.02,0.00,8968,2.06,1.94,0.10,222684,0.07,0.04,0.00,26276,
instance01837,0.53,0.45,0.06,64168,0.04,0.02,0.00,8968,1.83,1.69,0.12,208276,0.06,0.03,0.01,26272,
instance01844,0.50,0.44,0.04,65264,0.04,0.02,0.00,8176,1.88,1.77,0.10,216524,0.06,0.03,0.01,24484,
instance01853,0.50,0.42,0.05,63768,0.04,0.02,0.00,8176,1.80,1.67,0.11,214108,0.06,0.03,0.01,24484,
instance01855,0.52,0.47,0.04,65372,0.03,0.01,0.00,8968,1.95,1.78,0.11,216752,0.06,0.03,0.01,26272,
instance01857,0.52,0.46,0.04,64272,0.02,0.02,0.00,8968,2.04,1.91,0.11,231144,0.06,0.04,0.01,26284,
instance01859,0.49,0.43,0.04,65324,0.04,0.02,0.00,8176,1.73,1.61,0.11,215456,0.06,0.03,0.01,24484,
instance01875,0.51,0.45,0.05,65464,0.04,0.02,0.00,8968,1.82,1.71,0.09,218524,0.06,0.04,0.01,26272,
instance01884,0.49,0.42,0.04,63276,0.04,0.01,0.00,8176,1.64,1.51,0.12,209412,0.10,0.03,0.01,24484,
instance01894,0.51,0.44,0.05,63736,0.03,0.02,0.00,8968,1.76,1.66,0.09,219704,0.06,0.03,0.01,26272,
instance01902,0.45,0.40,0.04,62404,0.02,0.02,0.00,8176,1.88,1.73,0.13,214232,0.06,0.03,0.01,24484,
instance01904,0.49,0.43,0.05,63372,0.03,0.02,0.00,8176,1.81,1.70,0.09,214904,0.07,0.03,0.01,24484,
instance01917,0.48,0.43,0.04,64736,0.02,0.02,0.00,8176,1.92,1.82,0.09,218880,0.05,0.03,0.01,24484,
instance01918,0.47,0.41,0.04,65332,0.04,0.02,0.00,8176,1.80,1.63,0.12,211536,0.06,0.03,0.01,24484,
instance01922,0.48,0.43,0.04,63972,0.03,0.02,0.00,8968,1.93,1.81,0.11,221188,0.06,0.04,0.01,26284,
instance01924,0.48,0.43,0.05,63368,0.02,0.02,0.00,8968,1.71,1.61,0.09,213500,0.05,0.03,0.01,26272,
instance01945,0.51,0.45,0.04,63312,0.03,0.02,0.00,8176,1.98,1.86,0.10,223272,0.06,0.04,0.01,24484,
instance01951,0.45,0.42,0.03,64976,0.04,0.02,0.00,8968,1.74,1.61,0.12,208240,0.07,0.04,0.01,26268,
instance01959,0.46,0.41,0.04,65160,0.03,0.02,0.00,8968,1.86,1.73,0.10,220484,0.07,0.04,0.00,26268,
instance01960,0.48,0.42,0.04,63604,0.08,0.02,0.00,8176,1.92,1.80,0.10,221064,0.07,0.03,0.01,24484,
instance01964,0.44,0.35,0.04,62032,0.04,0.02,0.00,8176,1.69,1.57,0.10,210064,0.10,0.04,0.00,24484,
instance01976,0.49,0.43,0.03,63600,0.03,0.02,0.00,8176,1.69,1.58,0.10,209444,0.06,0.03,0.01,24484,
instance01985,0.50,0.43,0.04,63692,0.02,0.02,0.00,8176,1.93,1.75,0.12,215384,0.05,0.03,0.01,24484,
instance01989,0.44,0.39,0.03,62416,0.03,0.02,0.00,8176,1.91,1.81,0.09,218840,0.06,0.03,0.01,24484,
instance01991,0.47,0.42,0.04,64060,0.03,0.02,0.00,8968,1.80,1.67,0.12,217780,0.07,0.04,0.01,26268,
instance02002,0.47,0.41,0.04,63896,0.05,0.02,0.00,8176,1.86,1.73,0.12,221172,0.06,0.03,0.01,24484,
instance02006,0.52,0.45,0.03,63768,0.03,0.02,0.00,8176,1.93,1.81,0.10,220984,0.06,0.03,0.01,24484,
instance02013,0.50,0.45,0.04,64040,0.04,0.02,0.00,8968,1.93,1.81,0.11,223600,0.08,0.03,0.01,26268,
instance02022,0.47,0.41,0.05,63760,0.04,0.02,0.00,8968,1.95,1.81,0.12,219164,0.06,0.04,0.01,26268,
instance02030,0.46,0.41,0.04,65008,0.03,0.02,0.00,8176,1.88,1.77,0.09,215016,0.06,0.03,0.01,24484,
instance02038,0.49,0.43,0.04,63320,0.04,0.02,0.00,8176,1.79,1.68,0.09,211512,0.06,0.03,0.01,24484,
instance02043,0.54,0.44,0.04,64748,0.04,0.02,0.00,8968,1.78,1.62,0.10,206836,0.06,0.04,0.01,26272,
instance02047,0.51,0.45,0.03,64776,0.04,0.02,0.00,8968,2.10,1.97,0.11,229092,0.06,0.04,0.01,26272,
instance02060,0.51,0.45,0.04,65228,0.03,0.01,0.00,8968,1.82,1.67,0.13,217612,0.06,0.03,0.01,26268,
instance02063,0.46,0.40,0.04,65224,0.04,0.02,0.00,8968,1.81,1.68,0.12,218664,0.06,0.03,0.01,26268,
instance02064,0.47,0.41,0.03,63680,0.04,0.02,0.00,8176,1.96,1.85,0.09,224720,0.06,0.03,0.01,24484,
instance02066,0.49,0.43,0.04,63876,0.04,0.02,0.00,8968,1.79,1.68,0.10,213924,0.06,0.03,0.01,26272,
instance02074,0.48,0.43,0.04,63496,0.06,0.02,0.00,8176,1.80,1.67,0.12,213844,0.06,0.03,0.01,24484,
instance02086,0.51,0.44,0.04,63356,0.04,0.02,0.00,8968,1.94,1.82,0.10,222776,0.06,0.03,0.01,26276,
instance02091,0.46,0.40,0.04,63680,0.04,0.02,0.00,8176,1.96,1.86,0.09,220492,0.07,0.03,0.01,24484,
instance02093,0.48,0.43,0.04,63748,0.03,0.02,0.00,8968,1.89,1.71,0.12,214252,0.07,0.04,0.01,26268,
instance02098,0.48,0.44,0.04,64032,0.04,0.02,0.00,8968,1.70,1.57,0.11,217144,0.06,0.03,0.01,26272,
instance02120,0.49,0.41,0.04,63928,0.04,0.02,0.00,8968,1.83,1.68,0.14,216304,0.08,0.03,0.01,26268,
instance02130,0.49,0.43,0.04,63836,0.05,0.02,0.00,8968,1.73,1.61,0.10,213448,0.07,0.03,0.01,26272,
instance02140,0.49,0.43,0.04,63464,0.04,0.02,0.00,8176,1.89,1.77,0.10,217112,0.06,0.04,0.01,24484,
instance02146,0.47,0.42,0.03,63864,0.04,0.02,0.00,8176,1.75,1.65,0.09,213548,0.07,0.03,0.01,24484,
instance02153,0.46,0.40,0.04,65040,0.04,0.02,0.00,8176,2.01,1.88,0.12,222276,0.05,0.03,0.01,24484,
instance02169,0.47,0.40,0.04,63700,0.04,0.02,0.00,8176,1.85,1.75,0.09,218832,0.06,0.03,0.01,24484,
instance02170,0.49,0.43,0.04,63628,0.03,0.02,0.00,8176,1.85,1.75,0.09,217836,0.06,0.03,0.01,24484,
instance02172,0.50,0.46,0.04,65324,0.03,0.02,0.00,8968,1.84,1.67,0.12,212052,0.07,0.04,0.01,26268,
instance02176,0.47,0.42,0.04,64928,0.03,0.02,0.00,8968,1.84,1.69,0.13,214488,0.06,0.04,0.01,26268,
instance02177,0.45,0.41,0.02,63776,0.03,0.02,0.00,8176,2.01,1.87,0.12,223512,0.07,0.03,0.01,24484,
instance02179,0.47,0.42,0.03,62440,0.03,0.02,0.00,8176,1.82,1.68,0.12,222112,0.06,0.03,0.01,24484,
instance02184,0.48,0.41,0.04,63300,0.03,0.02,0.00,8176,1.71,1.59,0.10,212384,0.06,0.03,0.01,24484,
instance02187,0.49,0.43,0.04,63672,0.04,0.02,0.00,8968,1.84,1.73,0.09,216488,0.07,0.03,0.01,26272,
instance02188,0.51,0.45,0.04,64148,0.05,0.02,0.00,8968,1.79,1.68,0.10,214588,0.06,0.03,0.01,26272,
instance02192,0.46,0.40,0.04,65212,0.03,0.02,0.00,8176,1.58,1.46,0.11,204576,0.07,0.04,0.01,24472,
instance02197,0.48,0.42,0.03,63924,0.04,0.02,0.00,8176,1.87,1.76,0.09,217876,0.06,0.03,0.01,24484,
instance02212,0.45,0.40,0.04,63640,0.04,0.02,0.00,8176,1.95,1.77,0.12,214228,0.06,0.03,0.01,24484,
instance02216,0.44,0.38,0.04,62124,0.03,0.02,0.00,8968,1.77,1.65,0.11,210028,0.07,0.03,0.01,26272,
instance02219,0.45,0.38,0.04,63984,0.05,0.02,0.00,8176,1.96,1.82,0.13,227224,0.06,0.03,0.01,24484,
instance02231,0.43,0.40,0.03,63884,0.05,0.01,0.00,8176,2.07,1.94,0.10,226672,0.06,0.03,0.01,24484,
instance02265,0.45,0.39,0.04,64372,0.04,0.02,0.00,8968,1.91,1.79,0.10,219652,0.06,0.03,0.01,26268,
instance02270,0.47,0.42,0.03,63396,0.03,0.02,0.00,8968,1.64,1.52,0.10,210612,0.06,0.03,0.01,26272,
instance02273,0.48,0.39,0.03,64040,0.04,0.02,0.00,8176,1.85,1.72,0.12,213668,0.06,0.03,0.01,24484,
instance02274,0.46,0.41,0.05,63964,0.04,0.02,0.00,8968,1.90,1.78,0.10,225224,0.06,0.03,0.01,26268,
instance02279,0.49,0.44,0.03,65332,0.02,0.02,0.00,8176,1.88,1.77,0.09,215124,0.06,0.04,0.01,24484,
instance02299,0.46,0.40,0.03,64120,0.02,0.01,0.00,8968,1.67,1.55,0.11,208940,0.08,0.03,0.02,26272,
instance02304,0.48,0.42,0.04,64164,0.04,0.02,0.00,8968,1.87,1.70,0.12,216440,0.07,0.04,0.00,26268,
instance02306,0.49,0.42,0.03,63772,0.03,0.02,0.00,8176,2.03,1.92,0.10,224304,0.09,0.04,0.01,24484,
instance02314,0.50,0.44,0.03,63860,0.03,0.02,0.00,8968,1.98,1.86,0.11,220888,0.05,0.03,0.01,26268,
instance02320,0.45,0.41,0.03,63868,0.04,0.02,0.00,8176,1.91,1.79,0.10,214788,0.06,0.03,0.01,24484,
instance02324,0.48,0.42,0.03,65440,0.03,0.01,0.00,8968,1.82,1.70,0.10,215084,0.06,0.04,0.01,26272,
instance02327,0.46,0.41,0.03,63984,0.03,0.02,0.00,8968,1.85,1.75,0.09,217108,0.07,0.03,0.01,26272,
instance02332,0.46,0.41,0.04,65224,0.03,0.02,0.00,8968,1.97,1.85,0.10,219780,0.07,0.03,0.01,26268,
instance02345,0.47,0.40,0.04,65152,0.03,0.02,0.00,8968,1.74,1.64,0.08,213620,0.07,0.03,0.01,26272,
instance02354,0.47,0.41,0.04,63656,0.04,0.02,0.00,8968,1.94,1.85,0.08,228232,0.06,0.03,0.01,26272,
instance02357,0.47,0.41,0.04,63684,0.04,0.01,0.00,8968,1.83,1.73,0.08,220072,0.06,0.04,0.01,26268,
instance02358,0.46,0.40,0.03,63936,0.04,0.02,0.00,8968,1.93,1.78,0.09,222880,0.09,0.03,0.01,26276,
instance02365,0.48,0.42,0.03,63584,0.04,0.01,0.00,8176,1.98,1.89,0.09,219672,0.06,0.03,0.01,24484,
instance02366,0.50,0.44,0.04,63376,0.03,0.02,0.00,8968,1.97,1.84,0.11,220668,0.07,0.03,0.01,26268,
instance02380,0.51,0.45,0.03,65044,0.04,0.02,0.00,8968,2.02,1.91,0.10,228148,0.06,0.04,0.01,26280,
instance02383,0.44,0.39,0.04,63844,0.04,0.02,0.00,8176,1.82,1.73,0.08,221212,0.08,0.03,0.01,24484,
instance02390,0.47,0.41,0.04,63692,0.03,0.02,0.00,8968,1.86,1.75,0.09,223724,0.06,0.03,0.01,26272,
instance02395,0.46,0.41,0.03,63616,0.04,0.02,0.00,8968,2.02,1.91,0.09,219964,0.07,0.03,0.01,26272,
instance02398,0.45,0.39,0.03,63628,0.02,0.01,0.00,8176,1.93,1.80,0.08,214300,0.06,0.03,0.01,24484,
instance02399,0.45,0.39,0.04,63648,0.03,0.02,0.00,8176,1.80,1.69,0.10,214072,0.07,0.03,0.01,24484,
instance02403,0.49,0.42,0.03,63468,0.02,0.02,0.00,8176,1.86,1.75,0.09,219668,0.10,0.03,0.01,24484,
instance02413,0.51,0.45,0.04,63344,0.04,0.02,0.00,8968,1.83,1.72,0.09,213544,0.06,0.03,0.01,26272,
instance02416,0.52,0.40,0.03,63712,0.03,0.02,0.00,8968,1.82,1.66,0.10,219556,0.07,0.03,0.01,26272,
instance02427,0.51,0.43,0.04,63796,0.04,0.02,0.00,8176,1.81,1.69,0.10,216660,0.05,0.04,0.00,24484,
instance02429,0.46,0.40,0.04,64772,0.09,0.02,0.00,8176,1.83,1.70,0.11,211908,0.06,0.03,0.01,24484,
instance02439,0.50,0.43,0.04,64384,0.07,0.02,0.00,8176,1.97,1.86,0.09,221520,0.06,0.03,0.01,24484,
instance02451,0.51,0.45,0.03,63648,0.04,0.02,0.00,8968,1.86,1.75,0.10,219344,0.06,0.03,0.01,26268,
instance02458,0.47,0.41,0.03,63988,0.04,0.01,0.00,8968,1.96,1.84,0.10,224368,0.08,0.04,0.01,26268,
instance02459,0.48,0.41,0.05,65280,0.04,0.02,0.00,8176,1.78,1.67,0.10,216220,0.07,0.03,0.01,24484,
instance02468,0.47,0.40,0.04,63996,0.03,0.02,0.00,8176,1.85,1.74,0.09,221952,0.07,0.04,0.01,24484,
instance02478,0.46,0.40,0.04,65024,0.05,0.02,0.00,8176,1.97,1.85,0.09,218448,0.06,0.03,0.01,24484,
instance02481,0.46,0.40,0.04,65092,0.03,0.02,0.00,8176,1.76,1.63,0.11,212996,0.06,0.04,0.00,24484,
instance02482,0.47,0.42,0.04,65108,0.03,0.02,0.00,8968,2.04,1.92,0.10,224528,0.08,0.03,0.01,26280,
instance02489,0.46,0.41,0.04,63712,0.04,0.02,0.00,8968,1.88,1.72,0.09,222632,0.06,0.04,0.01,26268,
instance02507,0.50,0.42,0.04,63944,0.02,0.02,0.00,8176,1.75,1.63,0.10,214556,0.06,0.03,0.01,24484,
instance02514,0.46,0.42,0.03,65332,0.11,0.02,0.00,8968,1.81,1.69,0.10,220328,0.11,0.04,0.01,26268,
instance02518,0.48,0.41,0.04,63928,0.02,0.02,0.00,8176,2.18,2.06,0.10,231536,0.07,0.04,0.01,24484,
instance02520,0.48,0.43,0.03,65216,0.03,0.01,0.00,8176,1.80,1.68,0.10,217844,0.08,0.03,0.01,24484,
instance02542,0.46,0.41,0.03,63912,0.04,0.02,0.00,8176,1.62,1.52,0.08,206480,0.06,0.03,0.01,24472,
instance02573,0.49,0.43,0.04,65496,0.04,0.02,0.00,8176,1.72,1.60,0.11,217564,0.06,0.03,0.01,24484,
instance02586,0.47,0.40,0.05,63812,0.02,0.02,0.00,8176,2.07,1.97,0.09,224996,0.06,0.03,0.01,24484,
instance02591,0.48,0.43,0.04,65256,0.04,0.02,0.00,8968,1.82,1.72,0.09,213736,0.06,0.03,0.01,26272,
instance02596,0.47,0.42,0.03,64300,0.02,0.02,0.00,8968,1.75,1.64,0.09,216156,0.05,0.03,0.01,26268,
instance02601,0.48,0.41,0.04,63724,0.04,0.02,0.00,8176,2.03,1.93,0.09,225308,0.06,0.03,0.01,24484,
instance02622,0.48,0.43,0.03,63640,0.03,0.02,0.00,8968,1.80,1.70,0.09,223800,0.07,0.04,0.01,26268,
instance02678,0.49,0.42,0.03,63712,0.03,0.01,0.00,8968,1.98,1.87,0.10,214412,0.06,0.04,0.00,26272,
instance02686,0.48,0.41,0.04,63880,0.03,0.02,0.00,8176,1.87,1.70,0.09,216820,0.06,0.03,0.01,24484,
instance02697,0.45,0.40,0.03,63856,0.03,0.02,0.00,8176,2.07,1.97,0.08,222360,0.06,0.03,0.01,24484,
instance02701,0.48,0.43,0.03,63916,0.04,0.02,0.00,8968,1.85,1.74,0.09,220464,0.07,0.03,0.01,26272,
instance02715,0.46,0.39,0.03,63736,0.03,0.02,0.00,8176,1.93,1.81,0.10,218196,0.06,0.03,0.01,24484,
instance02732,0.46,0.41,0.03,64080,0.04,0.01,0.00,8176,1.70,1.59,0.09,214420,0.06,0.03,0.01,24484,
instance02733,0.50,0.45,0.04,65232,0.04,0.02,0.00,8968,1.91,1.78,0.11,218112,0.07,0.03,0.01,26268,
instance02743,0.54,0.47,0.04,63820,0.02,0.02,0.00,8968,1.88,1.77,0.10,223496,0.07,0.03,0.01,26280,
instance02744,0.49,0.45,0.03,63656,0.03,0.02,0.00,8176,2.03,1.90,0.10,222596,0.06,0.03,0.01,24484,
instance02745,0.46,0.42,0.03,63856,0.03,0.01,0.00,8968,1.70,1.59,0.10,209828,0.06,0.03,0.01,26272,
instance02753,0.47,0.42,0.04,64020,0.02,0.02,0.00,8968,1.77,1.65,0.10,221632,0.10,0.03,0.01,26272,
instance02758,0.50,0.44,0.04,63792,0.04,0.02,0.00,8968,1.91,1.79,0.10,222640,0.07,0.03,0.01,26268,
instance02759,0.46,0.42,0.04,63488,0.05,0.02,0.00,8968,1.83,1.72,0.10,218808,0.07,0.04,0.01,26268,
instance02770,0.50,0.42,0.04,64996,0.06,0.02,0.00,8968,1.79,1.61,0.09,219128,0.07,0.03,0.01,26272,
instance02771,0.53,0.43,0.05,63680,0.03,0.02,0.00,8176,1.96,1.84,0.10,218996,0.06,0.03,0.01,24484,
instance02777,0.48,0.41,0.04,63904,0.03,0.02,0.00,8176,1.90,1.79,0.09,214628,0.07,0.03,0.01,24484,
instance02800,0.48,0.43,0.03,65324,0.02,0.02,0.00,8176,1.87,1.75,0.10,221960,0.05,0.03,0.01,24484,
instance02808,0.46,0.40,0.04,63796,0.05,0.02,0.00,8176,1.75,1.65,0.09,215904,0.06,0.03,0.01,24484,
instance02812,0.49,0.43,0.04,65372,0.04,0.02,0.00,8176,2.02,1.91,0.09,222540,0.07,0.03,0.01,24484,
instance02813,0.50,0.44,0.04,63444,0.03,0.01,0.00,8176,1.95,1.84,0.09,222656,0.06,0.03,0.01,24484,
instance02814,0.49,0.44,0.03,63416,0.03,0.01,0.00,8968,1.89,1.76,0.10,224944,0.07,0.04,0.01,26268,
instance02816,0.43,0.38,0.03,62320,0.04,0.02,0.00,8176,1.93,1.81,0.09,217556,0.07,0.03,0.01,24484,
instance02824,0.49,0.42,0.04,63388,0.04,0.02,0.00,8176,1.74,1.64,0.08,215492,0.06,0.03,0.01,24484,
instance02825,0.50,0.44,0.03,64248,0.03,0.02,0.00,8968,2.06,1.94,0.10,224372,0.06,0.03,0.01,26272,
instance02826,0.48,0.43,0.03,64156,0.03,0.02,0.00,8968,1.75,1.65,0.09,220612,0.07,0.04,0.01,26268,
instance02844,0.49,0.41,0.03,63700,0.04,0.01,0.00,8176,1.87,1.76,0.09,213360,0.06,0.03,0.01,24484,
instance02845,0.46,0.41,0.04,63792,0.04,0.02,0.00,8968,1.99,1.88,0.09,221612,0.07,0.03,0.01,26272,
instance02859,0.47,0.41,0.04,63952,0.05,0.02,0.00,8968,1.95,1.83,0.10,226404,0.05,0.04,0.01,26280,
instance02868,0.47,0.41,0.04,65112,0.04,0.02,0.00,8968,1.99,1.88,0.10,223388,0.06,0.03,0.01,26280,
instance02869,0.47,0.42,0.04,65400,0.04,0.02,0.00,8968,1.97,1.78,0.09,224000,0.07,0.04,0.01,26272,
instance02873,0.46,0.41,0.04,62516,0.04,0.02,0.00,8968,1.93,1.81,0.10,216096,0.06,0.03,0.01,26268,
instance02876,0.48,0.41,0.04,62216,0.04,0.02,0.00,8968,1.91,1.79,0.10,223300,0.05,0.04,0.01,26268,
instance02888,0.47,0.41,0.04,63852,0.03,0.02,0.00,8176,1.88,1.77,0.10,219984,0.06,0.03,0.01,24484,
instance02890,0.49,0.42,0.04,63700,0.04,0.02,0.00,8968,1.92,1.76,0.09,221788,0.06,0.04,0.01,26272,
instance02891,0.49,0.43,0.04,64288,0.03,0.01,0.00,8968,1.91,1.80,0.10,218264,0.08,0.03,0.01,26268,
instance02892,0.46,0.41,0.04,63288,0.04,0.02,0.00,8176,1.69,1.59,0.09,217440,0.06,0.03,0.01,24484,
instance02899,0.45,0.40,0.04,63956,0.03,0.02,0.00,8176,1.73,1.63,0.09,214396,0.07,0.04,0.01,24484,
instance02912,0.52,0.44,0.04,64036,0.04,0.02,0.00,8968,1.95,1.85,0.09,228464,0.06,0.04,0.01,26284,
instance02918,0.45,0.39,0.05,64408,0.04,0.01,0.00,8176,1.80,1.72,0.07,211688,0.07,0.03,0.01,24484,
instance02920,0.44,0.40,0.03,63640,0.04,0.02,0.00,8176,1.76,1.67,0.08,211908,0.07,0.03,0.01,24484,
instance02929,0.48,0.41,0.05,65552,0.04,0.02,0.00,8968,1.99,1.89,0.09,220996,0.07,0.03,0.01,26268,
instance02934,0.44,0.40,0.03,64196,0.02,0.02,0.00,8176,2.00,1.86,0.11,220084,0.05,0.03,0.01,24484,
instance02943,0.46,0.41,0.04,62308,0.03,0.02,0.00,8968,1.88,1.76,0.10,217764,0.08,0.04,0.01,26272,
instance02954,0.49,0.43,0.04,63372,0.04,0.02,0.00,8968,1.92,1.81,0.09,223192,0.07,0.04,0.01,26272,
instance02955,0.48,0.41,0.05,63600,0.04,0.02,0.00,8176,1.87,1.77,0.09,216784,0.06,0.03,0.01,24484,
instance02957,0.47,0.42,0.04,64040,0.04,0.02,0.00,8968,1.90,1.71,0.10,220916,0.06,0.03,0.01,26268,
instance02971,0.47,0.40,0.04,65012,0.03,0.02,0.00,8176,1.95,1.83,0.10,219228,0.07,0.03,0.01,24484,
instance02978,0.46,0.41,0.04,65012,0.04,0.02,0.00,8176,1.91,1.80,0.10,218332,0.06,0.03,0.01,24484,
instance02987,0.49,0.43,0.04,63744,0.04,0.02,0.00,8968,1.90,1.78,0.10,222820,0.06,0.03,0.01,26272,
instance02997,0.47,0.40,0.04,63860,0.03,0.02,0.00,8176,1.58,1.49,0.08,209456,0.06,0.03,0.01,24472,
instance03001,0.46,0.39,0.05,63564,0.04,0.02,0.00,8176,1.74,1.64,0.09,217652,0.06,0.03,0.01,24484,
instance03007,0.48,0.43,0.03,65372,0.04,0.02,0.00,8968,1.66,1.55,0.09,211220,0.06,0.04,0.01,26272,
instance03043,0.47,0.42,0.04,64148,0.04,0.02,0.00,8968,1.87,1.77,0.09,217784,0.07,0.04,0.01,26268,
instance03062,0.46,0.40,0.03,63880,0.04,0.02,0.00,8176,1.88,1.76,0.10,220672,0.06,0.04,0.01,24484,
instance03094,0.48,0.43,0.04,63760,0.03,0.02,0.00,8968,2.05,1.93,0.11,225576,0.06,0.03,0.01,26280,
instance03097,0.50,0.44,0.04,64236,0.05,0.02,0.00,8176,1.97,1.85,0.10,226816,0.08,0.03,0.01,24484,
instance03098,0.49,0.41,0.04,63944,0.04,0.02,0.00,8176,1.82,1.70,0.09,216868,0.08,0.03,0.01,24484,
instance03108,0.47,0.42,0.04,65728,0.03,0.02,0.00,8968,1.88,1.76,0.10,219492,0.06,0.04,0.01,26272,
instance03116,0.46,0.42,0.03,65316,0.03,0.02,0.00,8968,1.90,1.77,0.11,218336,0.07,0.03,0.01,26268,
instance03127,0.45,0.39,0.04,65376,0.04,0.02,0.00,8968,1.82,1.71,0.09,213864,0.09,0.04,0.01,26268,
instance03133,0.46,0.41,0.03,63904,0.03,0.01,0.00,8176,1.78,1.67,0.09,217660,0.05,0.04,0.00,24484,
instance03136,0.52,0.42,0.04,63932,0.03,0.01,0.00,8968,1.95,1.77,0.08,222284,0.06,0.03,0.01,26268,
instance03142,0.49,0.43,0.04,63696,0.03,0.02,0.00,8968,1.59,1.49,0.09,210684,0.06,0.03,0.01,26276,
instance03148,0.48,0.43,0.04,63228,0.04,0.02,0.00,8176,1.88,1.76,0.11,220508,0.06,0.03,0.01,24484,
instance03153,0.49,0.43,0.03,64104,0.04,0.02,0.00,8968,1.81,1.70,0.11,218040,0.07,0.03,0.01,26268,
instance03161,0.48,0.43,0.03,64368,0.04,0.02,0.00,8968,1.99,1.89,0.08,226908,0.06,0.04,0.01,26276,
instance03163,0.46,0.40,0.04,65180,0.03,0.02,0.00,8176,1.79,1.69,0.09,220932,0.06,0.03,0.01,24484,
instance03197,0.46,0.40,0.03,63924,0.02,0.02,0.00,8968,1.85,1.75,0.09,218528,0.07,0.04,0.01,26268,
instance03200,0.47,0.41,0.04,63976,0.04,0.02,0.00,8968,1.87,1.76,0.10,218728,0.06,0.04,0.01,26268,
instance03203,0.46,0.41,0.03,65132,0.04,0.02,0.00,8968,1.90,1.78,0.10,222588,0.06,0.03,0.01,26272,
instance03216,0.51,0.43,0.06,65064,0.03,0.02,0.00,8968,1.79,1.68,0.10,216640,0.06,0.03,0.01,26272,
instance03227,0.48,0.43,0.04,64164,0.04,0.02,0.00,8176,1.96,1.86,0.09,229144,0.06,0.03,0.01,24484,
instance03232,0.52,0.44,0.04,63608,0.03,0.02,0.00,8176,1.94,1.82,0.10,218924,0.06,0.04,0.01,24484,
instance03234,0.50,0.45,0.03,63896,0.03,0.02,0.00,8176,2.06,1.95,0.09,225128,0.06,0.03,0.01,24484,
instance03235,0.52,0.44,0.04,65708,0.04,0.02,0.00,8968,1.76,1.65,0.10,214156,0.06,0.03,0.01,26272,
instance03246,0.47,0.41,0.03,63860,0.04,0.02,0.00,8176,2.03,1.90,0.11,222748,0.05,0.03,0.01,24484,
instance03264,0.46,0.40,0.04,65184,0.04,0.02,0.00,8176,1.85,1.73,0.09,224232,0.06,0.03,0.01,24484,
instance03270,0.42,0.37,0.03,62284,0.03,0.02,0.00,8176,1.90,1.80,0.09,221016,0.06,0.03,0.01,24484,
instance03276,0.47,0.42,0.03,65332,0.04,0.02,0.00,8968,1.99,1.88,0.09,219972,0.07,0.04,0.01,26268,
instance03294,0.49,0.42,0.04,63780,0.03,0.02,0.00,8968,1.77,1.66,0.10,218464,0.07,0.03,0.01,26268,
instance03304,0.47,0.40,0.04,63892,0.03,0.02,0.00,8176,1.81,1.70,0.09,219832,0.07,0.03,0.01,24484,
instance03309,0.45,0.40,0.03,63868,0.04,0.02,0.00,8968,1.83,1.71,0.11,218144,0.06,0.04,0.00,26272,
instance03316,0.50,0.43,0.04,65028,0.04,0.02,0.00,8176,1.90,1.79,0.10,216620,0.07,0.03,0.01,24484,
instance03317,0.50,0.44,0.04,63900,0.03,0.02,0.00,8968,1.74,1.63,0.09,216068,0.06,0.04,0.01,26272,
instance03329,0.47,0.42,0.04,64516,0.03,0.02,0.00,8176,1.87,1.77,0.09,216520,0.05,0.03,0.01,24484,
instance03331,0.51,0.45,0.03,64588,0.02,0.02,0.00,8176,1.84,1.69,0.10,216276,0.05,0.04,0.01,24484,
instance03338,0.50,0.44,0.03,63536,0.18,0.02,0.00,8176,1.83,1.72,0.10,211900,0.06,0.03,0.01,24484,
instance03342,0.49,0.44,0.03,63344,0.03,0.02,0.00,8176,1.82,1.70,0.10,216972,0.06,0.03,0.01,24484,
instance03347,0.47,0.42,0.03,63888,0.03,0.02,0.00,8176,1.80,1.67,0.11,211408,0.08,0.03,0.01,24484,
instance03366,0.49,0.42,0.04,63904,0.04,0.02,0.00,8968,1.93,1.82,0.09,224256,0.07,0.04,0.01,26268,
instance03370,0.48,0.40,0.05,63584,0.04,0.02,0.00,8176,1.86,1.74,0.11,214448,0.06,0.03,0.01,24484,
instance03372,0.47,0.40,0.04,65264,0.04,0.02,0.00,8176,1.61,1.51,0.09,211668,0.05,0.03,0.01,24484,
instance03374,0.48,0.41,0.05,64076,0.04,0.02,0.00,8968,1.81,1.72,0.08,216156,0.06,0.03,0.01,26272,
instance03382,0.48,0.41,0.03,65152,0.03,0.02,0.00,8176,1.81,1.71,0.09,217668,0.06,0.03,0.01,24484,
instance03399,0.49,0.43,0.05,63312,0.03,0.02,0.00,8176,1.96,1.86,0.09,227348,0.06,0.03,0.01,24484,
instance03405,0.50,0.44,0.04,65104,0.04,0.02,0.00,8968,1.79,1.67,0.11,219692,0.06,0.03,0.01,26272,
instance03413,0.53,0.45,0.05,65176,0.05,0.02,0.00,8176,2.03,1.92,0.09,223080,0.06,0.04,0.01,24484,
instance03416,0.50,0.44,0.03,63840,0.04,0.02,0.00,8176,1.82,1.70,0.10,212932,0.07,0.03,0.01,24484,
instance03431,0.52,0.47,0.03,63888,0.03,0.02,0.00,8968,1.90,1.80,0.09,222704,0.06,0.03,0.01,26268,
instance03433,0.44,0.39,0.04,63664,0.03,0.02,0.00,8176,1.85,1.75,0.09,218016,0.06,0.03,0.01,24484,
instance03435,0.47,0.41,0.04,63752,0.04,0.02,0.00,8176,1.85,1.69,0.09,215256,0.06,0.03,0.01,24484,
instance03441,0.48,0.42,0.03,65412,0.03,0.02,0.00,8968,1.96,1.84,0.11,221116,0.06,0.03,0.01,26268,
instance03444,0.48,0.42,0.04,63668,0.04,0.02,0.00,8968,1.85,1.72,0.11,221300,0.05,0.03,0.01,26268,
instance03459,0.48,0.43,0.03,64040,0.05,0.02,0.00,8968,2.00,1.87,0.12,228776,0.06,0.04,0.00,26280,
instance03465,0.48,0.41,0.05,63912,0.04,0.02,0.00,8176,1.83,1.72,0.10,211448,0.06,0.03,0.01,24484,
instance03473,0.48,0.42,0.03,63892,0.04,0.02,0.00,8176,1.83,1.73,0.08,214588,0.06,0.03,0.01,24484,
instance03495,0.52,0.46,0.04,65480,0.04,0.02,0.00,8968,1.97,1.84,0.10,219404,0.06,0.04,0.01,26268,
instance03522,0.50,0.43,0.04,63864,0.04,0.02,0.00,8176,1.95,1.83,0.10,217720,0.06,0.04,0.01,24484,
instance03542,0.50,0.44,0.04,63448,0.03,0.01,0.00,8176,1.81,1.70,0.09,214952,0.06,0.04,0.01,24484,
instance03545,0.51,0.44,0.04,65368,0.04,0.02,0.00,8968,1.76,1.65,0.10,219280,0.08,0.04,0.01,26268,
instance03547,0.49,0.43,0.03,63800,0.02,0.02,0.00,8176,1.74,1.63,0.08,211312,0.06,0.04,0.01,24484,
instance03552,0.51,0.44,0.04,64748,0.04,0.02,0.00,8968,2.14,2.01,0.11,231032,0.07,0.04,0.01,26272,
instance03554,0.46,0.40,0.04,63664,0.03,0.02,0.00,8176,1.82,1.70,0.09,217560,0.07,0.04,0.01,24484,
instance03556,0.46,0.40,0.04,63636,0.03,0.02,0.00,8176,1.81,1.70,0.08,216748,0.06,0.03,0.01,24484,
instance03557,0.45,0.39,0.04,65120,0.04,0.02,0.00,8176,1.92,1.81,0.10,219016,0.06,0.03,0.01,24484,
instance03559,0.44,0.39,0.03,63576,0.03,0.02,0.00,8176,1.77,1.66,0.09,216796,0.06,0.03,0.01,24484,
instance03561,0.47,0.40,0.03,63884,0.04,0.02,0.00,8176,2.08,1.91,0.08,231696,0.05,0.03,0.00,24484,
instance03565,0.46,0.40,0.03,63668,0.04,0.02,0.00,8968,1.97,1.85,0.10,222308,0.06,0.04,0.00,26268,
instance03575,0.52,0.46,0.04,65448,0.04,0.01,0.00,8968,1.77,1.66,0.10,217468,0.06,0.03,0.01,26272,
instance03576,0.51,0.46,0.03,63996,0.04,0.02,0.00,8968,2.02,1.89,0.12,226908,0.05,0.03,0.01,26272,
instance03578,0.51,0.45,0.04,63492,0.03,0.02,0.00,8176,1.82,1.72,0.08,211660,0.06,0.03,0.01,24484,
instance03594,0.50,0.44,0.04,63368,0.02,0.02,0.00,8176,1.81,1.66,0.12,216876,0.07,0.03,0.01,24484,
instance03598,0.52,0.46,0.04,65096,0.03,0.02,0.00,8968,1.95,1.86,0.09,216604,0.07,0.04,0.01,26268,
instance03614,0.48,0.42,0.03,63996,0.04,0.02,0.00,8176,1.87,1.75,0.10,215620,0.07,0.03,0.01,24484,
instance03623,0.49,0.43,0.04,65448,0.04,0.02,0.00,8968,1.88,1.78,0.09,222836,0.06,0.04,0.00,26272,
instance03653,0.50,0.45,0.04,63644,0.03,0.02,0.00,8968,1.90,1.79,0.08,223880,0.06,0.04,0.01,26272,
instance03661,0.45,0.40,0.03,62132,0.03,0.02,0.00,8968,1.85,1.75,0.09,221432,0.06,0.04,0.01,26268,
instance03670,0.46,0.39,0.04,63860,0.03,0.02,0.00,8176,1.59,1.50,0.08,210996,0.06,0.03,0.01,24472,
instance03671,0.45,0.40,0.04,64024,0.04,0.02,0.00,8968,1.92,1.82,0.08,223600,0.07,0.03,0.01,26268,
instance03673,0.47,0.40,0.04,63804,0.03,0.02,0.00,8176,1.94,1.83,0.09,217000,0.07,0.03,0.01,24484,
instance03677,0.51,0.44,0.04,63712,0.04,0.02,0.00,8176,1.98,1.87,0.10,219056,0.07,0.03,0.01,24484,
instance03683,0.52,0.45,0.03,63856,0.02,0.02,0.00,8176,1.79,1.67,0.11,215508,0.05,0.03,0.01,24484,
instance03692,0.50,0.45,0.05,64132,0.02,0.02,0.00,8968,1.65,1.55,0.09,210964,0.07,0.04,0.01,26272,
instance03715,0.51,0.44,0.04,65196,0.04,0.02,0.00,8176,2.01,1.84,0.08,218540,0.07,0.03,0.01,24484,
instance03717,0.51,0.44,0.04,64080,0.04,0.02,0.00,8176,1.94,1.82,0.11,216596,0.07,0.03,0.01,24484,
instance03726,0.49,0.44,0.04,64048,0.02,0.01,0.00,8176,1.89,1.79,0.09,216664,0.06,0.03,0.01,24484,
instance03730,0.48,0.43,0.03,63696,0.03,0.02,0.00,8968,2.07,1.94,0.11,229104,0.06,0.03,0.01,26284,
instance03763,0.47,0.42,0.04,63868,0.03,0.02,0.00,8176,2.00,1.87,0.10,223096,0.05,0.03,0.01,24484,
instance03766,0.44,0.40,0.03,62432,0.04,0.02,0.00,8968,1.64,1.53,0.09,210780,0.06,0.03,0.01,26276,
instance03772,0.49,0.44,0.03,65168,0.04,0.01,0.00,8968,2.03,1.92,0.09,227128,0.06,0.03,0.01,26272,
instance03781,0.48,0.40,0.04,63824,0.03,0.02,0.00,8176,1.76,1.66,0.09,211560,0.06,0.03,0.01,24484,
instance03791,0.48,0.43,0.03,63740,0.02,0.01,0.00,8176,1.97,1.86,0.10,220540,0.06,0.04,0.00,24484,
instance03800,0.51,0.45,0.04,63952,0.04,0.02,0.00,8176,1.91,1.81,0.08,219684,0.06,0.04,0.00,24484,
instance03808,0.53,0.46,0.04,63924,0.03,0.01,0.00,8968,1.93,1.82,0.09,221072,0.06,0.03,0.01,26272,
instance03844,0.47,0.42,0.03,63644,0.03,0.02,0.00,8176,1.92,1.81,0.09,224244,0.06,0.03,0.01,24484,
instance03846,0.46,0.40,0.04,63300,0.03,0.02,0.00,8176,1.83,1.73,0.08,214624,0.05,0.03,0.01,24484,
instance03859,0.48,0.43,0.03,63996,0.04,0.02,0.00,8968,1.97,1.85,0.09,217456,0.07,0.03,0.01,26268,
instance03880,0.46,0.40,0.04,63704,0.04,0.02,0.00,8176,2.00,1.88,0.10,220420,0.05,0.04,0.01,24484,
instance03886,0.47,0.41,0.03,63768,0.02,0.02,0.00,8176,1.85,1.69,0.10,215904,0.07,0.04,0.00,24484,
instance03905,0.47,0.41,0.04,65436,0.03,0.02,0.00,8968,1.99,1.78,0.10,220620,0.06,0.03,0.01,26268,
instance03906,0.48,0.43,0.03,63900,0.05,0.02,0.00,8968,1.89,1.75,0.10,218116,0.07,0.04,0.01,26272,
instance03912,0.45,0.40,0.04,62312,0.04,0.02,0.00,8176,1.87,1.74,0.10,214632,0.10,0.04,0.00,24484,
instance03913,0.49,0.42,0.03,63352,0.04,0.02,0.00,8176,1.93,1.81,0.10,218752,0.07,0.03,0.01,24484,
instance03914,0.46,0.40,0.03,63512,0.04,0.02,0.00,8176,1.99,1.87,0.10,219040,0.06,0.03,0.01,24484,
instance03917,0.46,0.42,0.03,63484,0.02,0.02,0.00,8176,1.88,1.76,0.11,219404,0.05,0.03,0.01,24484,
instance03922,0.49,0.42,0.04,63932,0.04,0.02,0.00,8176,1.86,1.75,0.09,219388,0.06,0.03,0.01,24484,
instance03930,0.46,0.39,0.04,63744,0.04,0.02,0.00,8176,1.72,1.62,0.09,215120,0.07,0.04,0.01,24484,
instance03937,0.48,0.41,0.04,63360,0.04,0.02,0.00,8968,1.89,1.80,0.09,220860,0.06,0.03,0.01,26268,
instance03956,0.49,0.43,0.04,63288,0.04,0.02,0.00,8176,1.89,1.80,0.08,219608,0.06,0.03,0.01,24484,
instance03961,0.49,0.43,0.04,63924,0.04,0.02,0.00,8176,1.66,1.56,0.09,212300,0.06,0.03,0.01,24472,
instance03965,0.47,0.40,0.04,63980,0.04,0.02,0.00,8968,1.83,1.72,0.10,216056,0.08,0.04,0.01,26272,
instance03977,0.45,0.39,0.04,63628,0.03,0.02,0.00,8968,1.80,1.70,0.09,215368,0.09,0.04,0.00,26272,
instance03982,0.47,0.41,0.04,65156,0.02,0.02,0.00,8176,1.84,1.72,0.11,217400,0.07,0.04,0.00,24484,
instance03994,0.47,0.40,0.04,64196,0.03,0.02,0.00,8176,1.86,1.69,0.08,213656,0.09,0.03,0.01,24484,
instance04017,0.47,0.41,0.04,65104,0.04,0.02,0.00,8968,2.00,1.89,0.10,223460,0.10,0.03,0.01,26280,
instance04030,0.44,0.37,0.04,63908,0.04,0.02,0.00,8176,1.93,1.81,0.10,216276,0.07,0.03,0.01,24484,
instance04032,0.50,0.44,0.04,63788,0.04,0.02,0.00,8176,1.89,1.78,0.10,214276,0.08,0.03,0.01,24484,
instance04052,0.51,0.44,0.04,64840,0.03,0.02,0.00,8176,1.88,1.75,0.11,216604,0.07,0.03,0.01,24484,
instance04059,0.48,0.43,0.05,64952,0.03,0.02,0.00,8968,1.74,1.63,0.09,213364,0.07,0.03,0.01,26272,
instance04063,0.51,0.45,0.03,63800,0.03,0.02,0.00,8176,1.91,1.81,0.09,217632,0.07,0.03,0.01,24484,
instance04073,0.46,0.40,0.04,63608,0.02,0.01,0.00,8176,1.92,1.81,0.10,217964,0.06,0.03,0.01,24484,
instance04077,0.44,0.38,0.04,63792,0.04,0.02,0.00,8176,1.95,1.83,0.10,218976,0.07,0.03,0.01,24484,
instance04080,0.43,0.38,0.04,62048,0.04,0.02,0.00,8176,1.79,1.69,0.08,220432,0.07,0.03,0.01,24484,
instance04086,0.48,0.42,0.04,63896,0.04,0.01,0.00,8176,2.00,1.89,0.10,226132,0.08,0.03,0.01,24484,
instance04090,0.48,0.42,0.04,65316,0.03,0.02,0.00,8176,1.86,1.76,0.08,216920,0.07,0.03,0.01,24484,
instance04101,0.49,0.44,0.04,65004,0.04,0.02,0.00,8176,1.91,1.80,0.09,218520,0.07,0.03,0.01,24484,
instance04105,0.49,0.43,0.04,63544,0.03,0.02,0.00,8176,1.85,1.75,0.08,217744,0.07,0.03,0.01,24484,
instance04110,0.44,0.39,0.04,63624,0.04,0.02,0.00,8176,1.83,1.73,0.08,216820,0.06,0.03,0.01,24484,
instance04112,0.46,0.41,0.03,63976,0.04,0.02,0.00,8176,1.85,1.74,0.08,214276,0.09,0.03,0.01,24484,
instance04116,0.46,0.41,0.03,63728,0.02,0.02,0.00,8968,1.87,1.71,0.08,215152,0.06,0.03,0.01,26268,
instance04129,0.47,0.42,0.04,64400,0.10,0.02,0.00,8968,1.82,1.73,0.08,213644,0.09,0.04,0.01,26272,
instance04149,0.47,0.42,0.03,65384,0.03,0.02,0.00,8968,1.99,1.88,0.09,222364,0.07,0.03,0.01,26268,
instance04156,0.49,0.43,0.04,64724,0.04,0.01,0.00,8176,1.90,1.80,0.09,217392,0.10,0.04,0.01,24484,
instance04159,0.45,0.39,0.04,63084,0.03,0.02,0.00,8176,1.75,1.65,0.08,214424,0.07,0.03,0.01,24484,
instance04182,0.50,0.43,0.04,63568,0.02,0.02,0.00,8968,2.01,1.89,0.10,220924,0.10,0.03,0.01,26268,
instance04194,0.51,0.45,0.03,64216,0.04,0.02,0.00,8176,2.04,1.91,0.11,223772,0.07,0.04,0.00,24484,
instance04213,0.51,0.45,0.04,65144,0.02,0.02,0.00,8176,1.92,1.81,0.09,217848,0.07,0.03,0.01,24484,
instance04222,0.50,0.45,0.03,64300,0.04,0.02,0.00,8968,1.59,1.50,0.08,220996,0.09,0.03,0.01,26272,
instance04224,0.52,0.46,0.03,63704,0.04,0.02,0.00,8968,2.06,1.95,0.09,227664,0.09,0.04,0.00,26284,
instance04225,0.48,0.43,0.03,64024,0.04,0.02,0.00,8968,1.65,1.55,0.09,214388,0.06,0.03,0.01,26272,
instance04233,0.48,0.42,0.04,65384,0.04,0.01,0.00,8968,1.94,1.83,0.10,229104,0.07,0.03,0.01,26284,
instance04244,0.48,0.41,0.04,64284,0.03,0.02,0.00,8968,1.69,1.58,0.09,213336,0.06,0.04,0.01,26272,
instance04246,0.47,0.41,0.04,63592,0.04,0.02,0.00,8968,1.71,1.61,0.09,218532,0.07,0.03,0.01,26272,
instance04247,0.46,0.41,0.03,63980,0.03,0.02,0.00,8176,1.97,1.85,0.10,225456,0.07,0.03,0.01,24484,
instance04249,0.51,0.44,0.04,64984,0.05,0.02,0.00,8176,1.87,1.78,0.08,219436,0.07,0.03,0.01,24484,
instance04254,0.48,0.41,0.04,63736,0.02,0.02,0.00,8176,1.94,1.76,0.08,217392,0.07,0.04,0.01,24484,
instance04261,0.50,0.45,0.03,63692,0.03,0.02,0.00,8176,1.93,1.83,0.09,214916,0.08,0.04,0.01,24484,
instance04264,0.51,0.46,0.03,63692,0.03,0.02,0.00,8968,1.93,1.81,0.11,218400,0.07,0.04,0.01,26268,
instance04266,0.51,0.45,0.04,65124,0.02,0.01,0.00,8176,1.74,1.64,0.08,210284,0.07,0.04,0.01,24484,
instance04272,0.43,0.39,0.03,62140,0.03,0.02,0.00,8176,2.01,1.88,0.11,222060,0.06,0.03,0.01,24484,
instance04303,0.51,0.46,0.04,64252,0.04,0.02,0.00,8968,1.94,1.83,0.10,220112,0.06,0.04,0.01,26268,
instance04329,0.49,0.41,0.05,62572,0.04,0.02,0.00,8968,1.96,1.85,0.09,227192,0.07,0.03,0.01,26272,
instance04338,0.50,0.42,0.04,63956,0.04,0.02,0.00,8968,1.82,1.72,0.09,220376,0.05,0.03,0.01,26268,
instance04346,0.52,0.44,0.04,63876,0.03,0.02,0.00,8176,2.10,1.99,0.10,227388,0.06,0.03,0.01,24484,
instance04364,0.48,0.43,0.04,63868,0.03,0.02,0.00,8968,1.96,1.83,0.11,223432,0.07,0.03,0.01,26268,
instance04370,0.50,0.45,0.04,63676,0.02,0.01,0.00,8176,2.02,1.91,0.09,223240,0.06,0.03,0.01,24484,
instance04372,0.47,0.41,0.03,64068,0.03,0.02,0.00,8176,1.85,1.73,0.09,223656,0.05,0.03,0.01,24484,
instance04375,0.50,0.45,0.04,64232,0.02,0.02,0.00,8968,1.84,1.73,0.09,217248,0.06,0.04,0.01,26268,
instance04388,0.50,0.44,0.03,63652,0.03,0.02,0.00,8968,1.70,1.59,0.09,213984,0.09,0.03,0.01,26272,
instance04420,0.49,0.43,0.04,63808,0.03,0.02,0.00,8176,1.82,1.73,0.09,213880,0.05,0.03,0.01,24484,
instance04424,0.52,0.45,0.04,64468,0.02,0.02,0.00,8968,1.88,1.77,0.09,220504,0.06,0.03,0.01,26268,
instance04427,0.46,0.41,0.03,63420,0.03,0.02,0.00,8176,2.02,1.82,0.09,224408,0.06,0.04,0.01,24484,
instance04435,0.47,0.42,0.03,63864,0.03,0.02,0.00,8176,1.94,1.84,0.08,218308,0.06,0.04,0.00,24484,
instance04439,0.47,0.42,0.04,65280,0.04,0.02,0.00,8968,2.03,1.89,0.12,224868,0.08,0.04,0.01,26280,
instance04447,0.48,0.42,0.03,63640,0.04,0.02,0.00,8968,1.84,1.71,0.11,219656,0.07,0.04,0.01,26268,
instance04466,0.47,0.41,0.03,65324,0.04,0.02,0.00,8176,1.80,1.70,0.08,213320,0.08,0.04,0.01,24484,
instance04478,0.50,0.44,0.04,64664,0.03,0.02,0.00,8176,1.82,1.68,0.11,216424,0.09,0.03,0.01,24484,
instance04479,0.45,0.39,0.04,62236,0.04,0.02,0.00,8968,1.73,1.62,0.10,216252,0.07,0.04,0.00,26272,
instance04498,0.49,0.42,0.04,63752,0.04,0.02,0.00,8176,1.87,1.74,0.12,221168,0.08,0.04,0.01,24484,
instance04503,0.45,0.39,0.04,65372,0.03,0.01,0.00,8176,1.90,1.78,0.12,217860,0.06,0.03,0.01,24484,
instance04506,0.50,0.44,0.04,64904,0.04,0.02,0.00,8968,1.79,1.68,0.08,213668,0.12,0.03,0.01,26272,
instance04507,0.50,0.45,0.04,63712,0.04,0.02,0.00,8968,1.92,1.81,0.10,223132,0.06,0.03,0.01,26268,
instance04516,0.50,0.44,0.04,65064,0.04,0.02,0.00,8176,1.95,1.85,0.09,225628,0.06,0.04,0.00,24484,
instance04517,0.50,0.44,0.04,63904,0.05,0.02,0.00,8176,2.00,1.89,0.09,229716,0.07,0.03,0.01,24484,
instance04524,0.45,0.39,0.03,65236,0.04,0.02,0.00,8176,1.82,1.72,0.08,216104,0.09,0.03,0.01,24484,
instance04525,0.46,0.40,0.04,63704,0.02,0.02,0.00,8176,1.76,1.65,0.10,214888,0.08,0.03,0.01,24484,
instance04527,0.47,0.42,0.03,63708,0.03,0.02,0.00,8968,1.75,1.64,0.09,216708,0.09,0.03,0.01,26272,
instance04538,0.47,0.42,0.03,64036,0.03,0.02,0.00,8968,1.88,1.70,0.08,216220,0.07,0.04,0.01,26268,
instance04542,0.48,0.41,0.03,64108,0.03,0.02,0.00,8968,1.92,1.81,0.09,217152,0.09,0.03,0.01,26268,
instance04543,0.50,0.43,0.05,64624,0.04,0.02,0.00,8176,1.90,1.80,0.09,218968,0.07,0.04,0.01,24484,
instance04545,0.46,0.40,0.04,63508,0.03,0.02,0.00,8176,1.96,1.84,0.10,220736,0.06,0.04,0.01,24484,
instance04559,0.50,0.43,0.04,64996,0.02,0.02,0.00,8176,1.71,1.58,0.10,211848,0.07,0.04,0.01,24484,
instance04564,0.47,0.41,0.04,64984,0.03,0.02,0.00,8968,1.83,1.70,0.11,219500,0.07,0.03,0.01,26272,
instance04568,0.50,0.46,0.03,63720,0.04,0.02,0.00,8968,1.75,1.64,0.10,218620,0.06,0.04,0.01,26268,
instance04594,0.51,0.44,0.04,63888,0.03,0.02,0.00,8968,1.63,1.53,0.09,213416,0.06,0.03,0.01,26272,
instance04600,0.48,0.42,0.03,63708,0.04,0.02,0.00,8968,1.97,1.84,0.10,222428,0.06,0.03,0.01,26268,
instance04602,0.46,0.41,0.03,65388,0.04,0.02,0.00,8176,1.97,1.86,0.10,224448,0.06,0.03,0.00,24484,
instance04605,0.47,0.42,0.03,63608,0.04,0.02,0.00,8968,2.05,1.93,0.11,225548,0.06,0.03,0.01,26272,
instance04614,0.50,0.42,0.05,63972,0.04,0.02,0.00,8176,1.72,1.60,0.10,219944,0.10,0.03,0.01,24484,
instance04628,0.51,0.43,0.04,65180,0.04,0.02,0.00,8176,1.75,1.65,0.09,212344,0.06,0.03,0.01,24484,
instance04648,0.52,0.44,0.04,64236,0.02,0.02,0.00,8176,1.89,1.79,0.08,222048,0.06,0.04,0.01,24484,
instance04650,0.50,0.42,0.04,65796,0.03,0.02,0.00,8968,1.90,1.79,0.09,216244,0.06,0.03,0.01,26268,
instance04659,0.50,0.44,0.04,64620,0.04,0.02,0.00,8176,1.80,1.68,0.09,221092,0.06,0.03,0.01,24484,
instance04660,0.50,0.45,0.04,64116,0.04,0.02,0.00,8968,2.03,1.84,0.10,220196,0.07,0.03,0.01,26280,
instance04662,0.51,0.45,0.04,64748,0.02,0.02,0.00,8968,1.97,1.86,0.10,221220,0.06,0.03,0.01,26268,
instance04678,0.55,0.45,0.03,64208,0.04,0.02,0.00,8968,1.88,1.75,0.10,217208,0.07,0.03,0.01,26272,
instance04681,0.53,0.47,0.03,64064,0.03,0.02,0.00,8968,1.95,1.84,0.09,216808,0.07,0.03,0.01,26268,
instance04683,0.50,0.44,0.04,63696,0.04,0.02,0.00,8176,1.93,1.83,0.09,214212,0.08,0.03,0.01,24484,
instance04687,0.48,0.42,0.04,63408,0.03,0.02,0.00,8968,1.90,1.79,0.10,218072,0.07,0.03,0.01,26272,
instance04692,0.47,0.42,0.03,63852,0.04,0.02,0.00,8176,2.03,1.91,0.11,220976,0.06,0.03,0.01,24484,
instance04700,0.47,0.39,0.04,63284,0.02,0.02,0.00,8176,1.97,1.84,0.12,219160,0.07,0.03,0.01,24484,
instance04705,0.51,0.46,0.04,64048,0.04,0.02,0.00,8968,1.95,1.84,0.10,220564,0.06,0.03,0.01,26268,
instance04709,0.49,0.44,0.04,64212,0.03,0.02,0.00,8176,1.83,1.72,0.09,212544,0.10,0.03,0.01,24484,
instance04712,0.50,0.45,0.04,63724,0.04,0.02,0.00,8968,1.84,1.73,0.10,217140,0.06,0.04,0.01,26272,
instance04715,0.45,0.41,0.03,63656,0.04,0.02,0.00,8176,1.95,1.84,0.10,218276,0.08,0.03,0.01,24484,
instance04732,0.50,0.44,0.04,65236,0.03,0.02,0.00,8176,1.81,1.70,0.09,214088,0.06,0.03,0.01,24484,
instance04742,0.48,0.44,0.03,64516,0.03,0.02,0.00,8968,2.00,1.89,0.10,219120,0.08,0.03,0.01,26268,
instance04743,0.51,0.44,0.04,63768,0.04,0.02,0.00,8968,1.91,1.81,0.09,222800,0.19,0.03,0.01,26272,
instance04744,0.50,0.42,0.04,65396,0.02,0.02,0.00,8176,1.83,1.71,0.09,213828,0.08,0.03,0.01,24484,
instance04747,0.49,0.43,0.04,65036,0.04,0.02,0.00,8176,1.94,1.76,0.08,219928,0.07,0.03,0.01,24484,
instance04750,0.50,0.43,0.05,64036,0.04,0.02,0.00,8176,1.95,1.84,0.10,217344,0.07,0.03,0.01,24484,
instance04762,0.49,0.43,0.04,64124,0.05,0.02,0.00,8968,1.79,1.69,0.09,213400,0.17,0.04,0.01,26272,
instance04768,0.50,0.45,0.04,63956,0.04,0.02,0.00,8968,2.08,1.97,0.10,229360,0.08,0.03,0.01,26284,
instance04788,0.50,0.44,0.03,64076,0.03,0.02,0.00,8968,1.66,1.55,0.09,217832,0.08,0.03,0.01,26272,
instance04794,0.49,0.44,0.04,64000,0.02,0.02,0.00,8968,1.70,1.59,0.09,215260,0.06,0.03,0.01,26272,
instance04795,0.52,0.45,0.04,63928,0.03,0.02,0.00,8968,1.76,1.65,0.10,216476,0.06,0.03,0.01,26272,
instance04797,0.50,0.44,0.04,63616,0.04,0.02,0.00,8176,1.95,1.84,0.10,219456,0.07,0.04,0.01,24484,
instance04810,0.51,0.45,0.04,65400,0.02,0.02,0.00,8968,1.97,1.85,0.10,225316,0.05,0.04,0.00,26272,
instance04811,0.48,0.43,0.03,64208,0.03,0.02,0.00,8968,1.97,1.85,0.10,224700,0.06,0.03,0.01,26268,
instance04813,0.46,0.41,0.03,63936,0.04,0.02,0.00,8968,1.74,1.64,0.09,215168,0.08,0.03,0.01,26272,
instance04825,0.47,0.42,0.03,63704,0.05,0.02,0.00,8968,1.87,1.75,0.09,222188,0.06,0.04,0.01,26272,
instance04829,0.50,0.41,0.04,63928,0.04,0.02,0.00,8176,1.85,1.74,0.09,215876,0.11,0.04,0.01,24484,
instance04836,0.49,0.44,0.03,63712,0.04,0.02,0.00,8968,1.78,1.68,0.08,213636,0.09,0.03,0.01,26272,
instance04842,0.48,0.44,0.03,64192,0.04,0.02,0.00,8176,1.86,1.75,0.10,214760,0.06,0.03,0.01,24484,
instance04857,0.43,0.37,0.03,62092,0.04,0.02,0.00,8176,1.69,1.60,0.07,211192,0.07,0.03,0.01,24484,
instance04863,0.47,0.43,0.03,65300,0.03,0.02,0.00,8968,1.82,1.64,0.10,215472,0.06,0.03,0.01,26272,
instance04875,0.48,0.42,0.03,63892,0.04,0.02,0.00,8176,2.08,1.97,0.10,220412,0.11,0.03,0.01,24484,
instance04893,0.44,0.39,0.04,62404,0.04,0.02,0.00,8176,1.87,1.75,0.11,214408,0.07,0.03,0.01,24484,
instance04895,0.49,0.43,0.04,63692,0.04,0.02,0.00,8176,1.89,1.78,0.09,218856,0.06,0.03,0.01,24484,
instance04902,0.50,0.43,0.03,64160,0.03,0.02,0.00,8136,2.03,1.90,0.10,226492,0.06,0.03,0.01,24484,
instance04914,0.48,0.43,0.04,63892,0.03,0.02,0.00,8176,2.02,1.91,0.09,217756,0.05,0.04,0.01,24484,
instance04924,0.47,0.41,0.03,63808,0.03,0.02,0.00,8940,1.77,1.68,0.08,212856,0.06,0.04,0.01,26272,
instance04925,0.47,0.40,0.04,65116,0.04,0.02,0.00,8968,1.94,1.83,0.09,222360,0.08,0.03,0.01,26268,
instance04926,0.47,0.42,0.03,64660,0.04,0.02,0.00,8968,1.93,1.82,0.09,220384,0.07,0.03,0.01,26272,
instance04933,0.51,0.42,0.03,63636,0.03,0.02,0.00,8968,1.88,1.77,0.09,215056,0.07,0.03,0.01,26272,
instance04936,0.49,0.44,0.04,63956,0.04,0.02,0.00,8968,1.94,1.85,0.08,227268,0.10,0.03,0.01,26268,
instance04944,0.48,0.41,0.04,64940,0.04,0.02,0.00,8176,1.90,1.78,0.10,219964,0.06,0.04,0.00,24484,
instance04967,0.45,0.39,0.04,65256,0.04,0.02,0.00,8176,1.91,1.80,0.10,216456,0.06,0.03,0.01,24484,
instance04971,0.45,0.39,0.03,65368,0.04,0.02,0.00,8176,1.76,1.67,0.08,211780,0.09,0.03,0.01,24484,
instance04973,0.49,0.43,0.04,63724,0.03,0.02,0.00,8176,1.96,1.83,0.11,218968,0.06,0.03,0.01,24484,
instance04975,0.43,0.38,0.03,62340,0.03,0.02,0.00,8176,1.86,1.75,0.09,221932,0.07,0.03,0.01,24484,
instance04977,0.53,0.46,0.04,64168,0.03,0.02,0.00,8968,1.85,1.68,0.08,215140,0.06,0.03,0.01,26272,
instance04985,0.52,0.46,0.03,63588,0.04,0.02,0.00,8176,2.00,1.90,0.08,220688,0.06,0.03,0.01,24484,
instance04989,0.55,0.47,0.04,63852,0.03,0.02,0.00,8968,2.11,2.01,0.09,227128,0.07,0.03,0.01,26284,
instance04991,0.48,0.43,0.03,64168,0.04,0.02,0.00,8968,1.83,1.72,0.10,221060,0.06,0.03,0.01,26272,
instance05004,0.47,0.41,0.04,65272,0.04,0.02,0.00,8176,2.06,1.96,0.09,223360,0.06,0.04,0.01,24484,
instance05008,0.46,0.40,0.04,65300,0.03,0.02,0.00,8176,2.02,1.91,0.10,216940,0.06,0.03,0.01,24484,
instance05022,0.50,0.41,0.04,63652,0.04,0.02,0.00,8176,2.05,1.94,0.09,222548,0.06,0.04,0.00,24484,
instance05047,0.52,0.45,0.04,65056,0.02,0.02,0.00,8968,1.82,1.71,0.09,218332,0.07,0.03,0.01,26268,
instance05050,0.52,0.44,0.04,63600,0.02,0.02,0.00,8176,1.83,1.73,0.09,220720,0.08,0.03,0.01,24484,
instance05066,0.47,0.42,0.04,63724,0.04,0.02,0.00,8968,2.17,2.05,0.10,231572,0.07,0.03,0.01,26280,
instance05073,0.55,0.43,0.03,63364,0.03,0.02,0.00,8968,1.74,1.62,0.09,217748,0.08,0.03,0.01,26272,
instance05079,0.47,0.42,0.04,63944,0.04,0.02,0.00,8968,1.80,1.70,0.09,221440,0.07,0.04,0.01,26268,
instance05081,0.50,0.43,0.04,65328,0.03,0.02,0.00,8176,1.99,1.89,0.09,219788,0.06,0.04,0.00,24484,
instance05117,0.53,0.46,0.04,63684,0.04,0.02,0.00,8968,1.76,1.66,0.08,214828,0.06,0.03,0.01,26272,
instance05123,0.51,0.45,0.04,63576,0.06,0.02,0.00,8968,1.74,1.63,0.10,217580,0.07,0.03,0.01,26272,
instance05124,0.49,0.43,0.04,63628,0.03,0.02,0.00,8176,2.05,1.93,0.09,224072,0.06,0.03,0.02,24484,
instance05131,0.48,0.41,0.04,63756,0.04,0.02,0.00,8968,1.68,1.51,0.09,212296,0.08,0.04,0.01,26272,
instance05148,0.47,0.42,0.03,63808,0.04,0.02,0.00,8176,1.94,1.81,0.10,218800,0.06,0.03,0.01,24484,
instance05152,0.49,0.44,0.04,64088,0.03,0.02,0.00,8968,2.02,1.90,0.10,228740,0.07,0.03,0.01,26272,
instance05161,0.51,0.41,0.04,65232,0.04,0.02,0.00,8968,1.63,1.50,0.11,212908,0.07,0.04,0.01,26264,
instance05163,0.48,0.43,0.04,63672,0.04,0.02,0.00,8968,1.87,1.75,0.10,219856,0.07,0.04,0.01,26272,
instance05169,0.49,0.43,0.04,63752,0.04,0.02,0.00,8176,1.95,1.83,0.11,220740,0.07,0.03,0.01,24484,
instance05177,0.47,0.41,0.03,65256,0.03,0.02,0.00,8968,1.94,1.83,0.09,221984,0.07,0.04,0.01,26268,
instance05179,0.46,0.41,0.03,63676,0.03,0.02,0.00,8968,1.83,1.72,0.10,222684,0.08,0.03,0.01,26268,
instance05194,0.49,0.42,0.03,65240,0.04,0.02,0.00,8968,1.80,1.70,0.09,225520,0.09,0.03,0.01,26268,
instance05206,0.49,0.42,0.04,63340,0.04,0.02,0.00,8176,1.93,1.83,0.08,222492,0.06,0.04,0.01,24484,
instance05210,0.51,0.44,0.04,64008,0.03,0.02,0.00,8176,1.82,1.72,0.09,217916,0.06,0.03,0.01,24484,
instance05211,0.50,0.43,0.04,64796,0.03,0.02,0.00,8176,1.63,1.53,0.09,210824,0.06,0.03,0.01,24484,
instance05228,0.47,0.42,0.03,65140,0.03,0.02,0.00,8176,1.82,1.71,0.10,211580,0.06,0.03,0.01,24484,
instance05229,0.46,0.41,0.03,63596,0.04,0.02,0.00,8176,1.89,1.77,0.10,217104,0.06,0.03,0.02,24484,
instance05230,0.45,0.40,0.04,63328,0.04,0.02,0.00,8968,1.75,1.65,0.09,216160,0.06,0.04,0.01,26272,
instance05236,0.46,0.41,0.03,63512,0.04,0.02,0.00,8176,1.93,1.76,0.10,219932,0.09,0.03,0.01,24484,
instance05253,0.46,0.40,0.03,63844,0.03,0.02,0.00,8176,2.03,1.92,0.09,221120,0.06,0.03,0.01,24484,
instance05259,0.50,0.42,0.03,65204,0.05,0.02,0.00,8176,2.05,1.93,0.10,224752,0.06,0.04,0.01,24484,
instance05266,0.48,0.42,0.04,65100,0.02,0.02,0.00,8176,2.10,1.95,0.10,225088,0.05,0.04,0.00,24484,
instance05273,0.46,0.40,0.03,63752,0.02,0.02,0.00,8176,1.90,1.78,0.10,224960,0.07,0.03,0.01,24484,
instance05275,0.45,0.40,0.03,63724,0.03,0.02,0.00,8968,1.89,1.78,0.09,217048,0.07,0.04,0.01,26272,
instance05280,0.45,0.40,0.03,63832,0.04,0.02,0.00,8176,1.83,1.71,0.10,214172,0.05,0.03,0.01,24484,
instance05291,0.49,0.43,0.03,63912,0.04,0.02,0.00,8176,2.06,1.94,0.10,226800,0.06,0.03,0.01,24484,
instance05304,0.54,0.46,0.04,64140,0.04,0.02,0.00,8968,2.01,1.91,0.09,231172,0.07,0.04,0.01,26276,
instance05305,0.49,0.43,0.04,65384,0.04,0.02,0.00,8968,1.90,1.81,0.07,219624,0.07,0.04,0.01,26272,
instance05311,0.45,0.40,0.03,65164,0.03,0.02,0.00,8176,1.83,1.72,0.10,214764,0.06,0.03,0.01,24484,
instance05312,0.48,0.44,0.03,63288,0.04,0.02,0.00,8176,1.96,1.82,0.12,218284,0.06,0.03,0.01,24484,
instance05316,0.50,0.44,0.05,64228,0.04,0.02,0.00,8968,1.88,1.76,0.10,220364,0.06,0.04,0.00,26268,
instance05318,0.48,0.43,0.04,63608,0.02,0.02,0.00,8176,2.04,1.91,0.11,226088,0.06,0.03,0.01,24484,
instance05339,0.49,0.41,0.04,63852,0.04,0.02,0.00,8176,2.01,1.90,0.10,231564,0.07,0.03,0.01,24484,
instance05345,0.48,0.41,0.04,65344,0.04,0.02,0.00,8968,1.90,1.78,0.10,224536,0.06,0.03,0.01,26272,
instance05348,0.48,0.43,0.04,64096,0.03,0.02,0.00,8968,2.02,1.78,0.11,224408,0.06,0.03,0.01,26280,
instance05365,0.48,0.43,0.04,64520,0.02,0.01,0.00,8968,1.94,1.83,0.09,219056,0.05,0.04,0.01,26268,
instance05378,0.47,0.43,0.03,63860,0.03,0.02,0.00,8176,1.77,1.66,0.09,211348,0.06,0.04,0.00,24484,
instance05380,0.51,0.43,0.03,63964,0.02,0.02,0.00,8968,2.11,1.99,0.10,231452,0.07,0.04,0.01,26284,
instance05388,0.51,0.45,0.05,63324,0.03,0.02,0.00,8968,1.95,1.85,0.08,224936,0.08,0.04,0.01,26272,
instance05396,0.51,0.43,0.04,65116,0.03,0.02,0.00,8176,2.00,1.89,0.09,215968,0.06,0.03,0.01,24484,
instance05411,0.48,0.43,0.03,63952,0.03,0.02,0.00,8968,1.86,1.76,0.09,218244,0.06,0.03,0.01,26268,
instance05412,0.46,0.39,0.03,65380,0.03,0.02,0.00,8176,1.91,1.80,0.10,222444,0.06,0.03,0.01,24484,
instance05424,0.51,0.45,0.04,63860,0.03,0.02,0.00,8176,1.97,1.86,0.09,221292,0.06,0.03,0.01,24484,
instance05426,0.52,0.45,0.04,64576,0.04,0.02,0.00,8968,2.05,1.93,0.10,233456,0.07,0.04,0.01,26284,
instance05428,0.49,0.42,0.05,65260,0.04,0.02,0.00,8968,1.76,1.64,0.09,219464,0.07,0.04,0.00,26272,
instance05447,0.48,0.41,0.04,63868,0.04,0.02,0.00,8176,1.87,1.74,0.11,212836,0.06,0.03,0.01,24484,
instance05448,0.47,0.42,0.04,63636,0.04,0.02,0.00,8176,1.87,1.76,0.09,217776,0.06,0.03,0.01,24484,
instance05449,0.46,0.41,0.03,63916,0.04,0.02,0.00,8176,1.96,1.84,0.10,222564,0.07,0.03,0.01,24484,
instance05450,0.47,0.39,0.05,64128,0.03,0.02,0.00,8176,1.99,1.86,0.10,219084,0.06,0.03,0.01,24484,
instance05454,0.48,0.41,0.03,63416,0.04,0.02,0.00,8176,2.03,1.91,0.10,224536,0.07,0.04,0.01,24484,
instance05462,0.47,0.43,0.03,64116,0.02,0.02,0.00,8176,1.96,1.79,0.08,219584,0.05,0.03,0.01,24484,
instance05465,0.54,0.46,0.04,65448,0.03,0.02,0.00,8968,2.07,1.93,0.12,226296,0.06,0.03,0.01,26280,
instance05470,0.50,0.42,0.05,64660,0.04,0.02,0.00,8176,1.93,1.81,0.11,217184,0.06,0.03,0.01,24484,
instance05472,0.47,0.42,0.04,65356,0.03,0.02,0.00,8176,1.77,1.66,0.08,213300,0.06,0.03,0.01,24484,
instance05474,0.48,0.43,0.03,63832,0.03,0.02,0.00,8968,1.80,1.68,0.10,216212,0.06,0.04,0.01,26272,
instance05476,0.47,0.42,0.04,63696,0.03,0.02,0.00,8176,1.95,1.82,0.11,223296,0.06,0.03,0.01,24484,
instance05477,0.54,0.45,0.04,64144,0.04,0.02,0.00,8968,1.91,1.81,0.08,223180,0.08,0.03,0.01,26268,
instance05481,0.51,0.46,0.04,63668,0.03,0.02,0.00,8968,1.81,1.71,0.08,219776,0.08,0.04,0.01,26268,
instance05486,0.53,0.46,0.05,65060,0.04,0.02,0.00,8968,1.86,1.76,0.09,222724,0.06,0.03,0.01,26272,
instance05487,0.51,0.45,0.05,63984,0.04,0.02,0.00,8968,1.97,1.86,0.10,216900,0.07,0.03,0.01,26268,
instance05493,0.50,0.45,0.03,63244,0.04,0.02,0.00,8176,2.05,1.93,0.10,225252,0.12,0.03,0.01,24484,
instance05494,0.49,0.44,0.03,63880,0.04,0.02,0.00,8176,1.83,1.70,0.10,219828,0.06,0.03,0.01,24484,
instance05507,0.54,0.46,0.03,64428,0.03,0.02,0.00,8968,1.89,1.78,0.09,221968,0.10,0.04,0.01,26268,
instance05512,0.52,0.46,0.04,63936,0.03,0.02,0.00,8968,1.78,1.67,0.09,218356,0.05,0.03,0.00,26268,
instance05515,0.54,0.46,0.04,65548,0.02,0.02,0.00,8968,1.89,1.77,0.10,216312,0.05,0.03,0.01,26272,
instance05522,0.47,0.40,0.04,63880,0.03,0.02,0.00,8176,2.02,1.91,0.08,231456,0.06,0.03,0.01,24484,
instance05547,0.46,0.39,0.05,64796,0.04,0.02,0.00,8176,1.64,1.48,0.09,208952,0.06,0.03,0.01,24472,
instance05567,0.49,0.42,0.04,64064,0.04,0.02,0.00,8968,1.85,1.75,0.09,213740,0.05,0.03,0.01,26268,
instance05572,0.47,0.41,0.04,65348,0.04,0.02,0.00,8176,2.15,2.04,0.10,231984,0.08,0.03,0.00,24484,
instance05592,0.53,0.46,0.04,63956,0.04,0.02,0.00,8968,1.83,1.72,0.09,217748,0.05,0.03,0.01,26268,
instance05600,0.51,0.44,0.05,63500,0.04,0.02,0.00,8176,2.10,1.99,0.10,225360,0.06,0.04,0.00,24484,
instance05615,0.50,0.44,0.03,64104,0.04,0.02,0.00,8176,1.92,1.80,0.10,216152,0.08,0.03,0.01,24484,
instance05619,0.46,0.41,0.04,63844,0.03,0.02,0.00,8176,1.83,1.73,0.09,212588,0.06,0.03,0.01,24484,
instance05632,0.46,0.41,0.04,63668,0.03,0.02,0.00,8968,2.00,1.87,0.11,226844,0.06,0.03,0.01,26272,
instance05635,0.45,0.41,0.03,63528,0.04,0.02,0.00,8176,1.92,1.81,0.10,222532,0.06,0.03,0.01,24484,
instance05641,0.48,0.42,0.04,65216,0.02,0.02,0.00,8968,1.88,1.77,0.09,218836,0.06,0.03,0.01,26268,
instance05655,0.46,0.40,0.04,65316,0.03,0.02,0.00,8176,2.01,1.88,0.11,224688,0.07,0.04,0.01,24484,
instance05672,0.47,0.40,0.03,63728,0.04,0.02,0.00,8176,2.06,1.95,0.10,219472,0.06,0.03,0.01,24484,
instance05673,0.52,0.46,0.04,63300,0.03,0.02,0.00,8968,2.15,2.03,0.10,231452,0.07,0.03,0.01,26284,
instance05675,0.47,0.40,0.04,62412,0.04,0.02,0.00,8176,2.01,1.89,0.10,227736,0.08,0.04,0.00,24484,
instance05680,0.49,0.43,0.04,63864,0.02,0.02,0.00,8968,1.88,1.77,0.10,214772,0.06,0.04,0.01,26272,
instance05684,0.45,0.39,0.04,62116,0.06,0.02,0.00,8968,1.85,1.68,0.10,221092,0.06,0.04,0.00,26272,
instance05698,0.49,0.43,0.04,63996,0.03,0.02,0.00,8968,1.75,1.65,0.09,214448,0.06,0.03,0.01,26272,
instance05710,0.51,0.45,0.04,64560,0.02,0.02,0.00,8968,2.20,2.05,0.12,228916,0.06,0.03,0.01,26272,
instance05728,0.51,0.45,0.03,64068,0.03,0.02,0.00,8968,1.77,1.66,0.08,216032,0.06,0.03,0.01,26272,
instance05742,0.51,0.43,0.04,63920,0.03,0.02,0.00,8176,1.97,1.85,0.10,216640,0.09,0.03,0.01,24484,
instance05746,0.50,0.45,0.03,65632,0.04,0.02,0.00,8968,1.82,1.71,0.09,215124,0.05,0.04,0.01,26272,
instance05753,0.48,0.43,0.03,63916,0.03,0.02,0.00,8968,2.04,1.93,0.10,224972,0.07,0.03,0.01,26280,
instance05764,0.50,0.44,0.03,65128,0.03,0.02,0.00,8968,2.13,1.99,0.10,232760,0.07,0.04,0.01,26284,
instance05776,0.50,0.44,0.03,65416,0.04,0.02,0.00,8968,1.86,1.76,0.08,222340,0.06,0.03,0.01,26268,
instance05785,0.48,0.43,0.04,63324,0.04,0.02,0.00,8968,1.78,1.66,0.10,219912,0.07,0.03,0.01,26268,
instance05787,0.47,0.42,0.04,63692,0.04,0.02,0.00,8968,1.72,1.60,0.10,215260,0.06,0.04,0.01,26272,
instance05799,0.49,0.42,0.03,64520,0.04,0.02,0.00,8176,1.77,1.68,0.08,216252,0.06,0.03,0.01,24484,
instance05806,0.51,0.44,0.03,63712,0.04,0.02,0.00,8176,1.83,1.72,0.10,211636,0.06,0.03,0.01,24484,
instance05812,0.50,0.42,0.05,63692,0.05,0.02,0.00,8176,1.71,1.62,0.08,217208,0.07,0.03,0.01,24484,
instance05820,0.46,0.40,0.04,63876,0.05,0.02,0.00,8176,1.89,1.76,0.10,217848,0.08,0.03,0.01,24484,
instance05823,0.50,0.44,0.05,64220,0.03,0.02,0.00,8968,1.92,1.79,0.10,214556,0.07,0.03,0.01,26268,
instance05826,0.47,0.42,0.03,62520,0.03,0.01,0.00,8968,1.84,1.73,0.10,224640,0.06,0.03,0.01,26268,
instance05844,0.49,0.43,0.04,63328,0.04,0.02,0.00,8176,1.93,1.76,0.09,216704,0.06,0.03,0.01,24484,
instance05845,0.54,0.43,0.04,63852,0.04,0.02,0.00,8968,1.83,1.71,0.10,218588,0.06,0.03,0.01,26268,
instance05848,0.49,0.42,0.04,62184,0.04,0.02,0.00,8968,1.72,1.60,0.11,213896,0.07,0.03,0.01,26276,
instance05850,0.50,0.44,0.04,63876,0.04,0.02,0.00,8176,1.91,1.80,0.09,213380,0.06,0.04,0.00,24484,
instance05851,0.50,0.44,0.04,64024,0.03,0.02,0.00,8968,1.94,1.83,0.10,215012,0.08,0.03,0.01,26272,
instance05856,0.46,0.39,0.05,65348,0.03,0.02,0.00,8176,1.88,1.79,0.08,213176,0.05,0.03,0.01,24484,
instance05867,0.49,0.42,0.04,63232,0.02,0.02,0.00,8176,1.99,1.88,0.09,219048,0.07,0.03,0.01,24484,
instance05871,0.51,0.42,0.04,64556,0.04,0.02,0.00,8968,1.88,1.78,0.09,219252,0.07,0.04,0.01,26268,
instance05888,0.47,0.42,0.03,64136,0.03,0.02,0.00,8968,1.88,1.77,0.09,217112,0.06,0.03,0.01,26268,
instance05896,0.51,0.44,0.05,65028,0.03,0.02,0.00,8176,1.80,1.71,0.08,214552,0.07,0.04,0.01,24484,
instance05902,0.53,0.46,0.05,63400,0.04,0.02,0.00,8968,1.90,1.79,0.09,220440,0.06,0.04,0.01,26268,
instance05937,0.48,0.41,0.04,63936,0.03,0.02,0.00,8968,1.63,1.53,0.09,211900,0.06,0.03,0.01,26272,
instance05941,0.48,0.44,0.03,64360,0.03,0.02,0.00,8968,1.94,1.83,0.10,220804,0.08,0.03,0.01,26268,
instance05978,0.48,0.41,0.02,62148,0.03,0.02,0.00,8176,1.72,1.60,0.10,212236,0.09,0.03,0.01,24472,
instance05980,0.49,0.44,0.03,63816,0.03,0.02,0.00,8176,1.73,1.62,0.10,211216,0.06,0.04,0.01,24484,
instance05982,0.50,0.44,0.03,65448,0.04,0.02,0.00,8176,1.83,1.70,0.10,215412,0.07,0.04,0.01,24484,
instance05984,0.50,0.43,0.04,63904,0.03,0.02,0.00,8176,1.95,1.77,0.09,223040,0.06,0.04,0.00,24484,
instance05989,0.51,0.44,0.04,64980,0.03,0.02,0.00,8968,1.99,1.87,0.11,224792,0.06,0.04,0.01,26272,
instance05991,0.48,0.42,0.04,64348,0.04,0.02,0.00,8968,1.90,1.79,0.10,220056,0.06,0.04,0.01,26272,
instance06349,0.48,0.43,0.03,63972,0.04,0.02,0.00,8176,2.07,1.95,0.11,222820,0.06,0.03,0.01,24484,
instance06506,0.45,0.40,0.04,63888,0.04,0.02,0.00,7696,1.48,1.37,0.09,184892,0.06,0.03,0.01,24264,
instance06609,0.46,0.41,0.04,65148,0.03,0.02,0.00,8176,2.11,1.99,0.10,225952,0.06,0.03,0.01,24484,
instance06641,0.50,0.42,0.03,64164,0.03,0.02,0.00,8176,1.97,1.86,0.10,219224,0.06,0.04,0.01,24484,
instance07107,0.51,0.44,0.04,63916,0.02,0.02,0.00,8176,1.92,1.81,0.09,221336,0.08,0.03,0.01,24484,
instance07209,0.60,0.52,0.05,66604,0.02,0.02,0.00,8968,1.99,1.88,0.08,223288,0.07,0.03,0.01,26452,
instance07321,0.49,0.42,0.04,64656,0.03,0.02,0.00,7660,1.37,1.28,0.08,180392,0.06,0.03,0.01,24264,
instance07331,0.47,0.41,0.03,65080,0.03,0.01,0.00,8176,1.86,1.74,0.10,219676,0.07,0.03,0.01,24484,
instance07492,0.46,0.37,0.04,65440,0.03,0.01,0.00,7668,1.41,1.32,0.08,181008,0.06,0.03,0.01,24264,
instance07675,0.47,0.42,0.03,64152,0.03,0.02,0.00,7660,1.48,1.39,0.08,180688,0.06,0.04,0.01,24264,
instance07975,0.59,0.52,0.04,68980,0.03,0.02,0.00,8968,2.00,1.89,0.10,219136,0.06,0.03,0.01,26428,
instance08020,0.50,0.45,0.03,65136,0.03,0.02,0.00,8176,1.95,1.82,0.11,215504,0.06,0.04,0.01,24484,
instance08272,0.47,0.41,0.03,61972,0.02,0.02,0.00,7660,1.44,1.35,0.08,181860,0.06,0.03,0.01,24264,
instance08348,0.60,0.55,0.04,68204,0.02,0.02,0.00,8968,2.12,1.94,0.09,221324,0.06,0.03,0.01,26480,
instance08980,0.62,0.54,0.06,70264,0.04,0.02,0.00,8968,2.06,1.94,0.10,225408,0.06,0.04,0.01,26496,
instance08996,0.45,0.39,0.04,63348,0.04,0.02,0.00,7660,1.50,1.40,0.08,182732,0.06,0.03,0.01,24264,
instance09054,0.45,0.38,0.04,63404,0.02,0.02,0.00,7656,1.46,1.37,0.08,182792,0.06,0.03,0.01,24264,
instance09282,0.44,0.39,0.04,63760,0.04,0.02,0.00,7696,1.49,1.40,0.09,180900,0.07,0.03,0.01,24264,
instance09330,0.47,0.42,0.03,63852,0.03,0.02,0.00,8176,2.05,1.92,0.11,225640,0.06,0.03,0.01,24484,
instance09734,0.50,0.45,0.03,64120,0.03,0.02,0.00,8176,1.93,1.80,0.10,213460,0.06,0.03,0.01,24484,
instance10004,0.52,0.46,0.04,63724,0.02,0.02,0.00,8176,1.83,1.70,0.10,213660,0.06,0.04,0.01,24484,
instance10147,0.68,0.62,0.04,83376,0.04,0.02,0.00,8968,2.36,2.24,0.10,238100,0.08,0.04,0.01,27200,
instance10397,0.58,0.52,0.03,72140,0.04,0.02,0.00,8968,2.06,1.93,0.10,227028,0.07,0.04,0.01,26672,
instance10465,0.45,0.38,0.04,63568,0.03,0.02,0.00,7656,1.40,1.29,0.09,180348,0.06,0.03,0.01,24264,
instance10512,0.49,0.42,0.04,63316,0.02,0.02,0.00,7660,1.40,1.30,0.09,181168,0.06,0.03,0.01,24264,
instance11018,0.51,0.46,0.04,64040,0.03,0.02,0.00,8176,2.00,1.90,0.09,218636,0.08,0.03,0.01,24484,
instance11156,0.52,0.47,0.03,65516,0.04,0.02,0.00,8176,1.95,1.84,0.09,214520,0.07,0.03,0.01,24484,
instance11211,0.52,0.45,0.04,63824,0.04,0.02,0.00,8176,2.12,2.01,0.10,222636,0.07,0.04,0.01,24484,
instance11215,0.52,0.46,0.04,64004,0.04,0.02,0.00,8176,1.92,1.80,0.10,216344,0.07,0.03,0.01,24484,
instance11372,0.65,0.58,0.03,70300,0.02,0.01,0.00,8968,2.00,1.81,0.09,223644,0.06,0.04,0.01,26460,
instance11440,0.49,0.42,0.04,63664,0.04,0.02,0.00,7656,1.38,1.28,0.08,183092,0.07,0.03,0.01,24264,
instance11703,0.51,0.46,0.04,64132,0.04,0.02,0.00,8176,1.81,1.71,0.09,215704,0.06,0.03,0.01,24484,
instance11709,0.51,0.46,0.04,64016,0.04,0.02,0.00,8176,1.90,1.79,0.09,223512,0.09,0.03,0.01,24484,
instance11769,0.49,0.45,0.03,64876,0.04,0.02,0.00,8176,1.86,1.74,0.10,215304,0.06,0.03,0.01,24484,
instance11788,0.51,0.44,0.04,63900,0.04,0.02,0.00,8176,1.93,1.82,0.10,221240,0.06,0.03,0.01,24484,
instance12046,0.50,0.45,0.04,64960,0.03,0.02,0.00,8176,1.95,1.83,0.10,217548,0.06,0.03,0.01,24484,
instance12162,0.47,0.40,0.04,61808,0.02,0.02,0.00,7664,1.34,1.23,0.09,180192,0.06,0.04,0.01,24264,
instance12416,0.44,0.38,0.04,63752,0.02,0.02,0.00,7664,1.37,1.29,0.07,180512,0.06,0.03,0.01,24264,
instance12474,0.64,0.57,0.03,70464,0.05,0.02,0.00,8968,2.12,2.01,0.09,220840,0.06,0.03,0.01,26424,
instance12823,0.51,0.44,0.04,65184,0.04,0.02,0.00,8176,2.15,2.03,0.10,225428,0.10,0.03,0.01,24484,
instance12961,0.68,0.61,0.04,77484,0.04,0.02,0.00,8968,2.15,2.05,0.08,229860,0.07,0.04,0.01,26792,
instance13052,0.50,0.44,0.04,63620,0.04,0.02,0.00,8176,2.01,1.91,0.08,218336,0.07,0.03,0.01,24484,
instance13060,0.65,0.59,0.03,72040,0.02,0.02,0.00,8968,2.11,1.99,0.10,226408,0.08,0.03,0.01,26568,
instance13068,0.61,0.55,0.04,72276,0.04,0.02,0.00,8968,2.12,2.01,0.10,225112,0.07,0.03,0.01,26604,
instance13358,0.44,0.38,0.03,63472,0.02,0.02,0.00,7660,1.45,1.37,0.07,180528,0.06,0.03,0.01,24264,
instance13532,0.45,0.40,0.04,65436,0.02,0.02,0.00,8176,1.89,1.72,0.08,214496,0.07,0.03,0.01,24484,
instance13726,0.42,0.37,0.03,62476,0.03,0.02,0.00,8176,1.90,1.78,0.10,217004,0.05,0.03,0.01,24484,
instance14028,0.43,0.39,0.03,63712,0.04,0.02,0.00,7696,1.54,1.42,0.09,182928,0.06,0.03,0.01,24264,
instance14503,0.43,0.38,0.03,63512,0.04,0.02,0.00,7660,1.45,1.37,0.07,181316,0.05,0.03,0.01,24264,
instance14633,0.45,0.39,0.03,65088,0.03,0.02,0.00,7664,1.45,1.37,0.07,180332,0.08,0.03,0.01,24264,
instance14862,0.52,0.47,0.04,64044,0.03,0.02,0.00,8176,1.87,1.74,0.11,215744,0.06,0.03,0.01,24484,
instance15368,0.44,0.38,0.03,63204,0.03,0.02,0.00,7664,1.46,1.38,0.07,180284,0.06,0.03,0.01,24264,
instance15577,0.51,0.45,0.05,65420,0.04,0.02,0.00,8176,1.90,1.79,0.10,213232,0.06,0.03,0.01,24484,
instance15594,0.49,0.42,0.04,63532,0.03,0.02,0.00,7664,1.46,1.36,0.08,180304,0.06,0.03,0.01,24264,
instance15649,0.52,0.45,0.05,64112,0.03,0.02,0.00,8176,2.11,1.94,0.12,223036,0.05,0.03,0.01,24484,
