,bass,,,,cvc5,,,,ostrich,,,,z3-noodler
filename,real,user,sys,mem,real,user,sys,mem,real,user,sys,mem,real,user,sys,mem
benchmark_0249,1.44,0.99,0.07,147452,0.02,0.01,0.00,4496,4.70,3.52,0.16,404656,0.06,0.04,0.01,31456,
benchmark_0450,1.25,0.94,0.07,140916,0.01,0.01,0.00,4496,4.79,3.56,0.19,420732,0.07,0.04,0.02,31392,
benchmark_0040,1.26,0.96,0.06,149460,0.02,0.01,0.00,4496,4.62,3.42,0.16,385244,0.06,0.04,0.01,31424,
benchmark_0203,1.29,0.96,0.06,146068,0.01,0.01,0.00,4496,4.88,3.95,0.15,426080,0.06,0.04,0.02,31424,
benchmark_0363,1.38,0.99,0.06,148828,0.02,0.01,0.00,4496,4.16,3.42,0.12,399092,0.07,0.05,0.01,31432,
benchmark_0101,1.37,0.98,0.08,144004,0.02,0.01,0.00,4496,4.25,3.53,0.13,410228,0.06,0.03,0.02,31404,
benchmark_0422,1.38,0.97,0.08,142400,0.02,0.01,0.00,4496,4.50,3.70,0.17,396264,0.06,0.04,0.02,31404,
benchmark_0299,1.31,1.01,0.07,150664,0.02,0.01,0.01,4496,4.76,3.95,0.17,407424,0.06,0.04,0.01,31428,
benchmark_0044,1.14,1.06,0.06,152576,0.02,0.01,0.00,4496,3.81,3.65,0.13,411712,0.07,0.04,0.02,31440,
benchmark_0482,1.09,1.01,0.06,146920,0.01,0.01,0.00,4496,3.90,3.75,0.12,416080,0.06,0.04,0.01,31420,
benchmark_0306,1.12,1.03,0.05,153972,0.01,0.01,0.00,4496,3.92,3.74,0.15,420292,0.06,0.04,0.01,31400,
benchmark_0050,1.09,1.01,0.05,153600,0.02,0.01,0.00,4496,3.75,3.56,0.15,395184,0.07,0.05,0.01,31444,
benchmark_0091,1.03,0.94,0.05,146012,0.02,0.01,0.00,4496,3.69,3.51,0.15,394436,0.07,0.04,0.02,31444,
benchmark_0257,0.98,0.91,0.05,148564,0.01,0.01,0.00,4496,3.79,3.61,0.15,410756,0.06,0.04,0.01,31452,
benchmark_0042,1.05,0.95,0.06,142892,0.02,0.01,0.00,4496,3.89,3.73,0.12,399532,0.07,0.05,0.01,31432,
benchmark_0089,1.03,0.94,0.05,142796,0.01,0.01,0.00,4496,3.64,3.45,0.16,401208,0.07,0.04,0.01,31400,
benchmark_0066,1.03,0.96,0.06,145892,0.02,0.01,0.00,4496,3.78,3.58,0.16,407036,0.07,0.05,0.01,31424,
benchmark_0230,1.04,0.95,0.06,145176,0.02,0.01,0.00,4496,3.76,3.56,0.16,408028,0.07,0.05,0.01,31424,
benchmark_0103,1.05,0.97,0.05,140724,0.01,0.01,0.00,4496,3.77,3.59,0.15,413220,0.07,0.04,0.02,31444,
benchmark_0176,1.05,0.97,0.05,141992,0.01,0.01,0.00,4496,3.72,3.53,0.15,401588,0.07,0.05,0.02,31420,
benchmark_0401,1.06,0.97,0.06,142256,0.01,0.01,0.00,4496,3.83,3.66,0.14,406744,0.07,0.05,0.02,31476,
benchmark_0172,1.10,1.01,0.05,154140,0.02,0.01,0.00,4496,3.73,3.53,0.17,426976,0.06,0.04,0.01,31420,
benchmark_0341,1.06,0.97,0.06,147320,0.01,0.01,0.00,4496,3.89,3.68,0.17,402600,0.07,0.05,0.01,31452,
benchmark_0392,1.09,1.01,0.05,153936,0.02,0.01,0.00,4496,3.76,3.61,0.13,403680,0.06,0.04,0.01,31424,
benchmark_0030,0.96,0.87,0.05,140076,0.02,0.01,0.00,4496,3.69,3.49,0.18,411460,0.07,0.05,0.02,31424,
benchmark_0359,1.05,0.97,0.06,147532,0.02,0.01,0.00,4496,3.78,3.58,0.17,400200,0.07,0.05,0.01,31452,
benchmark_0175,1.01,0.93,0.05,144776,0.01,0.01,0.00,4496,3.81,3.65,0.13,400388,0.07,0.05,0.01,31424,
benchmark_0415,1.09,1.00,0.06,142992,0.02,0.01,0.00,4496,3.63,3.43,0.13,400140,0.07,0.05,0.02,31420,
benchmark_0491,1.05,0.96,0.07,140884,0.02,0.01,0.00,4496,3.73,3.51,0.17,401880,0.06,0.04,0.02,31428,
benchmark_0227,1.05,0.97,0.05,145260,0.02,0.01,0.00,4496,3.66,3.49,0.13,387684,0.07,0.05,0.01,31424,
benchmark_0282,1.02,0.94,0.06,149068,0.01,0.01,0.00,4496,3.86,3.70,0.13,398820,0.07,0.04,0.02,31448,
benchmark_0319,1.02,0.94,0.06,139820,0.01,0.01,0.00,4496,3.66,3.51,0.13,426480,0.07,0.04,0.02,31396,
benchmark_0164,1.02,0.94,0.05,141220,0.01,0.00,0.00,4496,3.79,3.56,0.17,387372,0.07,0.05,0.01,31448,
benchmark_0445,1.03,0.94,0.05,145108,0.01,0.01,0.00,4496,3.99,3.79,0.16,409548,0.06,0.04,0.02,31444,
benchmark_0167,1.06,0.97,0.06,140016,0.02,0.01,0.00,4496,3.66,3.48,0.14,405452,0.07,0.04,0.02,31420,
benchmark_0343,1.07,0.98,0.06,148480,0.02,0.01,0.00,4496,3.59,3.40,0.15,408708,0.07,0.05,0.01,31400,
benchmark_0457,1.06,0.98,0.05,143884,0.02,0.01,0.00,4496,3.72,3.56,0.13,396976,0.07,0.05,0.01,31468,
benchmark_0179,1.03,0.96,0.05,141444,0.02,0.01,0.00,4496,3.80,3.60,0.16,407108,0.06,0.04,0.01,31424,
benchmark_0467,1.05,0.98,0.05,140072,0.01,0.01,0.00,4496,3.74,3.54,0.14,402660,0.07,0.04,0.02,31420,
benchmark_0454,1.07,0.98,0.05,145040,0.02,0.01,0.00,4496,3.76,3.56,0.15,399804,0.06,0.04,0.01,31428,
benchmark_0161,1.09,1.01,0.06,152980,0.02,0.01,0.00,4496,3.66,3.47,0.16,397312,0.06,0.04,0.01,31392,
benchmark_0106,1.09,0.97,0.07,153956,0.01,0.01,0.00,4496,3.70,3.53,0.14,409260,0.06,0.04,0.01,31448,
benchmark_0021,1.06,0.98,0.05,147876,0.01,0.00,0.00,4496,3.77,3.62,0.12,403772,0.06,0.04,0.01,31424,
benchmark_0156,1.08,1.01,0.05,146904,0.02,0.01,0.00,4496,3.85,3.66,0.13,398184,0.07,0.05,0.01,31424,
benchmark_0399,1.04,0.95,0.07,149560,0.02,0.01,0.00,4496,3.67,3.48,0.15,388104,0.06,0.04,0.02,31388,
benchmark_0307,1.07,0.99,0.05,147764,0.02,0.01,0.01,4496,3.67,3.48,0.16,396748,0.07,0.05,0.01,31400,
benchmark_0317,1.09,1.00,0.06,146972,0.01,0.00,0.00,4496,3.80,3.64,0.12,400404,0.06,0.04,0.02,31440,
benchmark_0155,1.06,0.98,0.05,141136,0.02,0.01,0.00,4496,3.58,3.38,0.15,393392,0.06,0.04,0.01,31424,
benchmark_0423,1.04,0.96,0.05,142720,0.02,0.01,0.00,4496,3.98,3.80,0.14,408836,0.06,0.04,0.01,31456,
benchmark_0364,1.14,1.02,0.06,151204,0.01,0.01,0.00,4496,4.03,3.84,0.15,402276,0.07,0.05,0.02,31428,
benchmark_0334,1.22,1.11,0.05,156296,0.01,0.01,0.00,4496,3.96,3.77,0.17,403560,0.07,0.04,0.02,31456,
benchmark_0497,1.16,1.09,0.05,153176,0.01,0.00,0.00,4496,3.91,3.73,0.14,402956,0.06,0.04,0.01,31400,
benchmark_0192,1.07,0.99,0.06,147120,0.01,0.01,0.00,4496,3.56,3.39,0.14,395716,0.07,0.05,0.01,31400,
benchmark_0417,1.02,0.94,0.05,146184,0.02,0.01,0.00,4496,3.76,3.54,0.15,385180,0.07,0.05,0.01,31408,
benchmark_0391,1.19,1.08,0.07,154096,0.02,0.01,0.00,4496,3.90,3.72,0.15,406640,0.06,0.04,0.02,31416,
benchmark_0006,1.15,1.06,0.05,145836,0.01,0.00,0.00,4496,3.62,3.42,0.14,393520,0.07,0.05,0.01,31428,
benchmark_0406,1.13,1.03,0.06,140628,0.01,0.01,0.00,4496,3.71,3.53,0.13,400624,0.06,0.04,0.01,31424,
benchmark_0349,1.14,1.01,0.06,144368,0.01,0.01,0.00,4496,3.83,3.64,0.14,426972,0.07,0.04,0.02,31448,
benchmark_0486,1.09,1.01,0.05,144636,0.01,0.00,0.00,4496,3.31,3.14,0.14,384476,0.07,0.05,0.01,31456,
benchmark_0123,1.20,1.10,0.06,155816,0.01,0.01,0.00,4496,4.23,4.06,0.14,403612,0.07,0.05,0.01,31428,
benchmark_0431,1.18,1.09,0.06,143920,0.01,0.01,0.00,4496,3.70,3.51,0.15,395692,0.07,0.04,0.02,31472,
benchmark_0024,1.13,1.05,0.06,143900,0.02,0.01,0.00,4496,3.71,3.54,0.13,401144,0.06,0.04,0.01,31420,
benchmark_0138,1.11,1.02,0.06,140588,0.02,0.01,0.00,4496,3.90,3.71,0.12,390284,0.06,0.04,0.01,31448,
benchmark_0027,1.14,1.05,0.06,143384,0.02,0.01,0.00,4496,3.87,3.70,0.13,400540,0.06,0.04,0.01,31432,
benchmark_0247,1.05,0.95,0.06,143480,0.02,0.01,0.00,4496,3.71,3.52,0.16,400620,0.06,0.04,0.01,31452,
benchmark_0046,1.16,1.04,0.05,145236,0.02,0.01,0.00,4496,3.91,3.75,0.13,396280,0.07,0.05,0.01,31448,
benchmark_0120,1.02,0.94,0.05,141200,0.01,0.01,0.00,4496,3.58,3.43,0.12,386684,0.07,0.05,0.01,31436,
benchmark_0193,1.07,0.98,0.05,153820,0.01,0.00,0.00,4496,3.79,3.59,0.15,407908,0.07,0.04,0.02,31420,
benchmark_0174,1.08,0.99,0.05,145132,0.01,0.01,0.00,4496,3.81,3.67,0.12,394148,0.07,0.05,0.01,31452,
benchmark_0198,1.09,1.02,0.04,142132,0.01,0.01,0.00,4496,3.63,3.47,0.12,393444,0.06,0.04,0.02,31400,
benchmark_0036,1.08,0.99,0.06,140020,0.02,0.01,0.00,4496,3.75,3.56,0.14,404520,0.08,0.05,0.01,31456,
benchmark_0153,1.10,1.02,0.06,148488,0.01,0.01,0.00,4496,3.88,3.73,0.12,392212,0.07,0.05,0.02,31452,
benchmark_0274,1.18,1.08,0.06,151256,0.01,0.01,0.00,4496,3.69,3.52,0.14,391912,0.07,0.05,0.02,31460,
benchmark_0093,1.09,0.96,0.07,153612,0.02,0.01,0.00,4496,3.54,3.36,0.14,394152,0.07,0.05,0.01,31424,
benchmark_0189,1.04,0.96,0.05,146056,0.02,0.01,0.00,4496,3.67,3.49,0.15,409216,0.07,0.04,0.02,31444,
benchmark_0068,1.03,0.95,0.05,144264,0.01,0.01,0.00,4496,3.69,3.51,0.15,403440,0.07,0.05,0.01,31452,
benchmark_0012,1.09,1.01,0.06,146936,0.02,0.01,0.00,4496,3.77,3.56,0.16,399096,0.07,0.04,0.02,31456,
benchmark_0246,1.11,1.02,0.05,139364,0.02,0.01,0.00,4496,3.87,3.71,0.13,420380,0.07,0.05,0.01,31400,
benchmark_0358,1.10,1.01,0.06,143224,0.02,0.01,0.00,4496,3.78,3.56,0.15,398724,0.07,0.05,0.01,31484,
benchmark_0039,1.11,1.02,0.05,143276,0.01,0.00,0.00,4496,3.87,3.71,0.13,389364,0.07,0.04,0.02,31424,
benchmark_0296,1.08,0.99,0.05,144712,0.02,0.00,0.01,4496,4.05,3.86,0.16,402696,0.07,0.05,0.01,31452,
benchmark_0250,1.07,0.96,0.04,142584,0.02,0.01,0.00,4496,3.77,3.56,0.13,408196,0.07,0.04,0.02,31424,
benchmark_0074,1.03,0.95,0.07,146116,0.01,0.01,0.00,4496,3.80,3.62,0.14,394828,0.07,0.04,0.01,31432,
benchmark_0322,1.01,0.94,0.05,142856,0.02,0.01,0.00,4496,3.80,3.63,0.14,404944,0.07,0.05,0.01,31428,
benchmark_0206,1.21,1.13,0.06,153020,0.01,0.01,0.00,4496,3.69,3.54,0.12,399152,0.07,0.05,0.02,31420,
benchmark_0328,1.12,1.04,0.06,146532,0.02,0.01,0.00,4496,3.91,3.75,0.12,416436,0.06,0.05,0.01,31428,
benchmark_0184,1.13,1.02,0.06,150476,0.01,0.01,0.00,4496,3.45,3.28,0.12,394156,0.06,0.04,0.02,31452,
benchmark_0142,1.13,1.02,0.06,140940,0.01,0.01,0.00,4496,3.82,3.67,0.13,411760,0.06,0.04,0.02,31400,
benchmark_0049,1.01,0.92,0.06,140344,0.01,0.01,0.00,4496,3.76,3.55,0.16,387828,0.06,0.04,0.02,31420,
benchmark_0372,1.05,0.94,0.06,144576,0.01,0.01,0.00,4496,3.72,3.50,0.17,413508,0.06,0.04,0.01,31424,
benchmark_0128,1.00,0.93,0.05,149628,0.02,0.01,0.00,4496,3.73,3.58,0.13,407692,0.07,0.04,0.02,31452,
benchmark_0347,1.03,0.94,0.06,140816,0.01,0.01,0.00,4496,3.81,3.60,0.17,434072,0.07,0.04,0.02,31396,
benchmark_0095,1.26,1.17,0.07,160980,0.02,0.01,0.00,4496,3.85,3.65,0.15,412384,0.07,0.05,0.02,31400,
benchmark_0463,1.11,1.03,0.05,143164,0.02,0.01,0.00,4496,3.85,3.66,0.14,395252,0.07,0.04,0.02,31480,
benchmark_0010,1.15,1.07,0.06,154384,0.02,0.01,0.00,4496,3.63,3.43,0.14,401780,0.07,0.05,0.01,31428,
benchmark_0386,1.11,1.03,0.05,145572,0.02,0.01,0.00,4496,3.99,3.76,0.15,408428,0.07,0.05,0.01,31452,
benchmark_0134,1.06,0.97,0.06,147048,0.02,0.01,0.00,4496,3.90,3.73,0.14,401760,0.06,0.05,0.01,31452,
benchmark_0025,1.03,0.93,0.05,140412,0.02,0.01,0.00,4496,3.88,3.70,0.15,388476,0.07,0.05,0.01,31420,
benchmark_0488,1.04,0.97,0.05,146320,0.02,0.01,0.00,4496,3.76,3.55,0.17,417284,0.07,0.04,0.02,31416,
benchmark_0229,1.13,1.02,0.06,149892,0.01,0.01,0.00,4496,3.75,3.57,0.13,406840,0.07,0.05,0.02,31452,
benchmark_0033,1.11,1.01,0.06,149536,0.02,0.01,0.00,4496,4.16,3.96,0.14,421324,0.06,0.04,0.01,31420,
benchmark_0350,1.09,0.99,0.07,145524,0.02,0.01,0.00,4496,3.61,3.43,0.12,396616,0.07,0.04,0.02,31472,
benchmark_0004,1.15,1.03,0.05,144584,0.02,0.01,0.00,4496,3.71,3.55,0.13,396168,0.07,0.05,0.01,31424,
benchmark_0304,1.12,1.03,0.05,147836,0.02,0.01,0.00,4496,3.93,3.76,0.13,405492,0.06,0.04,0.01,31420,
benchmark_0447,1.01,0.94,0.05,149236,0.02,0.01,0.00,4496,3.83,3.67,0.13,401912,0.07,0.05,0.01,31432,
benchmark_0294,1.12,1.02,0.05,147124,0.02,0.01,0.00,4496,3.79,3.61,0.15,385764,0.07,0.04,0.01,31476,
benchmark_0345,1.09,0.99,0.06,154004,0.01,0.01,0.00,4496,3.70,3.51,0.17,414604,0.07,0.05,0.01,31416,
benchmark_0125,1.02,0.94,0.05,148040,0.02,0.01,0.00,4496,4.19,3.93,0.16,405372,0.06,0.04,0.01,31416,
benchmark_0133,1.09,1.01,0.05,142932,0.02,0.01,0.00,4496,3.85,3.65,0.14,396696,0.06,0.04,0.01,31420,
benchmark_0171,1.06,0.98,0.05,141964,0.02,0.01,0.00,4496,3.73,3.58,0.13,399760,0.06,0.04,0.01,31448,
benchmark_0361,1.22,1.13,0.06,159568,0.02,0.01,0.00,4496,3.77,3.57,0.12,396100,0.06,0.04,0.02,31400,
benchmark_0115,1.09,1.02,0.05,146740,0.02,0.01,0.00,4496,4.00,3.84,0.14,390540,0.07,0.05,0.01,31428,
benchmark_0311,1.05,0.97,0.05,148696,0.02,0.01,0.00,4496,4.17,3.95,0.19,410320,0.06,0.05,0.01,31480,
benchmark_0208,1.11,1.01,0.06,148684,0.02,0.01,0.00,4496,3.94,3.75,0.16,403268,0.06,0.04,0.01,31448,
benchmark_0205,0.99,0.90,0.06,143412,0.01,0.01,0.00,4496,3.91,3.75,0.14,401352,0.06,0.04,0.02,31424,
benchmark_0102,0.97,0.89,0.06,146860,0.01,0.01,0.00,4496,4.06,3.83,0.17,407916,0.06,0.04,0.01,31416,
benchmark_0058,1.14,1.06,0.06,153364,0.01,0.01,0.00,4496,4.15,3.99,0.13,411944,0.06,0.04,0.01,31420,
benchmark_0360,1.13,1.04,0.06,154152,0.02,0.01,0.00,4496,3.99,3.81,0.14,396228,0.06,0.05,0.01,31424,
benchmark_0370,1.03,0.94,0.06,141996,0.01,0.01,0.00,4496,4.00,3.81,0.15,393916,0.06,0.04,0.02,31420,
benchmark_0455,1.13,1.02,0.06,147220,0.02,0.00,0.01,4496,3.92,3.75,0.14,410060,0.06,0.04,0.01,31416,
benchmark_0051,1.15,1.07,0.05,152160,0.02,0.01,0.00,4496,3.77,3.57,0.17,391928,0.07,0.05,0.01,31456,
benchmark_0122,1.00,0.92,0.05,140068,0.02,0.01,0.00,4496,4.20,4.00,0.16,432276,0.07,0.05,0.01,31456,
benchmark_0239,1.14,1.06,0.05,153092,0.02,0.01,0.00,4496,3.84,3.66,0.13,414244,0.07,0.05,0.01,31420,
benchmark_0297,1.04,0.91,0.06,144852,0.02,0.01,0.00,4496,3.79,3.61,0.12,397636,0.07,0.05,0.01,31424,
benchmark_0270,1.01,0.92,0.06,140752,0.02,0.01,0.00,4496,3.78,3.60,0.15,412548,0.06,0.04,0.01,31424,
benchmark_0055,1.06,0.96,0.06,148988,0.02,0.01,0.00,4496,3.82,3.65,0.15,407588,0.06,0.04,0.01,31408,
benchmark_0374,1.11,1.02,0.06,154232,0.02,0.01,0.00,4496,3.90,3.71,0.14,425832,0.06,0.04,0.01,31448,
benchmark_0088,0.98,0.89,0.05,148468,0.01,0.00,0.00,4496,3.77,3.60,0.14,396900,0.06,0.04,0.02,31392,
benchmark_0252,1.11,1.04,0.05,149744,0.01,0.01,0.00,4496,3.64,3.46,0.15,404756,0.07,0.04,0.02,31456,
benchmark_0365,1.06,0.96,0.05,143072,0.02,0.01,0.00,4496,3.72,3.54,0.14,399792,0.07,0.05,0.01,31420,
benchmark_0377,1.15,1.08,0.06,150820,0.01,0.01,0.00,4496,3.88,3.69,0.15,403588,0.06,0.04,0.01,31444,
benchmark_0494,1.07,0.99,0.05,140392,0.02,0.01,0.00,4496,3.64,3.47,0.15,402956,0.06,0.04,0.02,31400,
benchmark_0145,1.04,0.94,0.07,139716,0.02,0.01,0.00,4496,3.88,3.73,0.13,411408,0.07,0.05,0.01,31468,
benchmark_0188,1.12,1.04,0.05,149892,0.02,0.01,0.00,4496,3.95,3.77,0.14,409208,0.07,0.05,0.01,31424,
benchmark_0262,1.00,0.92,0.05,140608,0.01,0.01,0.00,4496,3.67,3.47,0.14,408396,0.06,0.04,0.01,31440,
benchmark_0160,1.14,1.05,0.05,151216,0.01,0.01,0.00,4496,3.87,3.71,0.13,413180,0.06,0.04,0.01,31396,
benchmark_0204,1.03,0.96,0.05,144600,0.01,0.01,0.00,4496,3.82,3.64,0.14,397940,0.07,0.05,0.01,31424,
benchmark_0124,1.07,1.00,0.04,140552,0.01,0.01,0.00,4496,3.69,3.47,0.13,396696,0.07,0.04,0.02,31424,
benchmark_0022,1.19,1.11,0.06,154108,0.01,0.01,0.00,4496,3.57,3.39,0.14,393684,0.07,0.05,0.01,31400,
benchmark_0407,1.05,0.96,0.06,142656,0.02,0.01,0.00,4496,3.49,3.31,0.16,390628,0.06,0.04,0.01,31448,
benchmark_0071,1.02,0.94,0.06,142684,0.02,0.01,0.00,4496,3.75,3.58,0.14,403300,0.06,0.04,0.01,31424,
benchmark_0079,1.02,0.95,0.05,149744,0.02,0.01,0.00,4496,3.85,3.69,0.13,400796,0.06,0.04,0.01,31424,
benchmark_0087,1.05,0.97,0.05,140760,0.02,0.01,0.00,4496,3.55,3.36,0.14,434136,0.06,0.04,0.01,31424,
benchmark_0396,1.00,0.91,0.05,140344,0.02,0.01,0.00,4496,4.01,3.83,0.14,418316,0.06,0.04,0.01,31444,
benchmark_0260,1.06,0.98,0.05,145284,0.02,0.01,0.00,4496,3.71,3.50,0.16,424396,0.07,0.04,0.02,31420,
benchmark_0371,1.04,0.97,0.05,144236,0.01,0.01,0.00,4496,3.56,3.39,0.14,411036,0.07,0.05,0.01,31448,
benchmark_0416,1.14,1.04,0.06,144652,0.01,0.01,0.00,4496,3.65,3.44,0.16,418044,0.06,0.05,0.01,31396,
benchmark_0220,1.10,1.01,0.05,140292,0.02,0.01,0.00,4496,3.67,3.47,0.17,413496,0.06,0.05,0.01,31436,
benchmark_0435,1.00,0.93,0.04,148148,0.02,0.01,0.00,4496,3.94,3.74,0.15,410116,0.06,0.05,0.01,31456,
benchmark_0330,1.15,1.07,0.06,148140,0.01,0.01,0.00,4496,4.11,3.89,0.15,412144,0.06,0.04,0.02,31448,
benchmark_0404,1.04,0.95,0.06,142144,0.01,0.01,0.00,4496,3.88,3.71,0.14,399564,0.06,0.05,0.01,31424,
benchmark_0421,1.08,0.99,0.05,154020,0.01,0.01,0.00,4496,3.67,3.53,0.11,391964,0.06,0.04,0.01,31448,
benchmark_0403,1.14,1.06,0.06,150700,0.01,0.01,0.00,4496,3.58,3.38,0.16,395616,0.07,0.04,0.02,31424,
benchmark_0448,0.98,0.90,0.06,141500,0.02,0.01,0.00,4496,3.72,3.56,0.14,391724,0.07,0.05,0.01,31396,
benchmark_0150,1.13,1.06,0.04,148816,0.01,0.01,0.00,4496,3.63,3.44,0.16,397904,0.06,0.05,0.01,31444,
benchmark_0154,1.08,0.99,0.05,145652,0.01,0.01,0.00,4496,3.73,3.53,0.16,393016,0.06,0.04,0.01,31432,
benchmark_0290,1.16,1.08,0.05,147968,0.02,0.01,0.00,4496,3.77,3.58,0.14,398600,0.06,0.05,0.01,31424,
benchmark_0086,1.04,0.94,0.06,140860,0.01,0.01,0.00,4496,3.74,3.58,0.14,392304,0.06,0.04,0.02,31400,
benchmark_0419,1.12,1.03,0.05,156868,0.01,0.01,0.00,4496,3.51,3.31,0.14,385404,0.06,0.04,0.01,31448,
benchmark_0005,1.00,0.91,0.07,142204,0.02,0.01,0.00,4496,4.21,4.03,0.16,408612,0.06,0.04,0.01,31424,
benchmark_0368,0.99,0.90,0.06,142380,0.01,0.01,0.00,4496,3.60,3.40,0.15,391828,0.07,0.05,0.01,31416,
benchmark_0331,1.06,0.98,0.06,149528,0.01,0.01,0.00,4496,3.76,3.58,0.12,411388,0.07,0.05,0.01,31448,
benchmark_0332,1.13,1.05,0.05,146536,0.01,0.01,0.00,4496,3.65,3.46,0.15,390196,0.06,0.04,0.02,31424,
benchmark_0214,1.01,0.95,0.04,142768,0.02,0.01,0.00,4496,3.73,3.58,0.13,404708,0.06,0.05,0.01,31420,
benchmark_0325,1.08,1.00,0.05,142488,0.02,0.01,0.00,4496,3.40,3.23,0.13,397168,0.06,0.04,0.01,31452,
benchmark_0011,1.04,0.95,0.05,140352,0.01,0.01,0.00,4496,3.55,3.39,0.13,380720,0.06,0.04,0.01,31408,
benchmark_0498,1.08,0.99,0.06,143948,0.02,0.01,0.00,4496,3.72,3.53,0.14,393076,0.06,0.04,0.02,31428,
benchmark_0057,1.10,1.00,0.05,144036,0.01,0.01,0.00,4496,3.95,3.77,0.14,409796,0.06,0.04,0.01,31428,
benchmark_0014,1.08,1.02,0.05,146580,0.01,0.01,0.00,4496,4.12,3.95,0.13,427912,0.07,0.05,0.01,31424,
benchmark_0413,1.05,0.96,0.06,143792,0.01,0.01,0.00,4496,3.84,3.69,0.13,408844,0.07,0.05,0.01,31428,
benchmark_0383,1.18,1.07,0.06,154372,0.01,0.01,0.00,4496,4.06,3.88,0.15,399088,0.07,0.04,0.02,31456,
benchmark_0327,1.09,1.03,0.05,150036,0.01,0.01,0.00,4496,3.57,3.43,0.11,396416,0.07,0.04,0.02,31420,
benchmark_0314,1.06,0.98,0.05,145876,0.01,0.01,0.00,4496,3.99,3.82,0.13,416796,0.06,0.04,0.01,31396,
benchmark_0477,1.02,0.95,0.05,141232,0.02,0.01,0.00,4496,3.79,3.61,0.14,387620,0.06,0.05,0.01,31444,
benchmark_0196,1.03,0.92,0.06,143648,0.01,0.01,0.00,4496,4.00,3.76,0.16,412948,0.06,0.05,0.01,31432,
benchmark_0085,1.10,1.02,0.05,156188,0.01,0.01,0.00,4496,3.63,3.47,0.13,398400,0.06,0.04,0.01,31432,
benchmark_0400,1.04,0.95,0.06,142416,0.01,0.01,0.00,4496,3.68,3.50,0.14,422268,0.07,0.05,0.01,31424,
benchmark_0344,1.06,0.95,0.05,140036,0.01,0.00,0.00,4496,3.87,3.71,0.14,413516,0.07,0.04,0.02,31408,
benchmark_0114,1.07,0.98,0.06,152584,0.02,0.01,0.00,4496,3.85,3.69,0.13,397092,0.07,0.04,0.02,31392,
benchmark_0195,1.06,0.98,0.05,153084,0.02,0.01,0.00,4496,3.66,3.49,0.13,391976,0.06,0.05,0.01,31444,
benchmark_0500,1.09,0.98,0.06,154192,0.02,0.01,0.00,4496,4.04,3.89,0.12,402812,0.06,0.05,0.01,31420,
benchmark_0180,1.06,0.97,0.05,141456,0.02,0.01,0.00,4496,3.81,3.66,0.12,392172,0.06,0.04,0.01,31452,
benchmark_0283,1.09,1.01,0.05,140092,0.01,0.01,0.00,4496,3.67,3.47,0.13,397732,0.06,0.04,0.01,31420,
benchmark_0468,1.10,1.02,0.05,141020,0.01,0.01,0.00,4496,3.58,3.40,0.15,403820,0.07,0.04,0.01,31428,
benchmark_0305,1.08,1.00,0.05,139920,0.02,0.01,0.00,4496,3.65,3.48,0.14,413536,0.06,0.04,0.01,31392,
benchmark_0320,1.11,1.03,0.06,154404,0.01,0.01,0.00,4496,3.97,3.81,0.14,423884,0.06,0.04,0.01,31472,
benchmark_0474,1.01,0.94,0.05,140612,0.02,0.01,0.00,4496,4.20,4.01,0.15,407888,0.06,0.05,0.01,31444,
benchmark_0141,1.06,0.96,0.07,153404,0.02,0.01,0.00,4496,3.73,3.57,0.12,399160,0.06,0.04,0.02,31444,
benchmark_0254,1.03,0.93,0.07,140780,0.02,0.01,0.00,4496,3.73,3.58,0.13,402196,0.06,0.04,0.01,31456,
benchmark_0272,1.02,0.92,0.05,146716,0.02,0.01,0.00,4496,3.89,3.72,0.14,411988,0.06,0.04,0.01,31428,
benchmark_0080,1.06,0.98,0.05,142460,0.02,0.01,0.00,4496,3.60,3.37,0.17,419616,0.06,0.04,0.02,31416,
benchmark_0031,1.15,1.07,0.05,151956,0.01,0.01,0.00,4496,3.93,3.73,0.16,399240,0.06,0.04,0.01,31452,
benchmark_0168,1.06,0.97,0.06,141584,0.02,0.01,0.00,4496,3.75,3.57,0.14,421296,0.06,0.05,0.01,31464,
benchmark_0072,1.10,0.98,0.06,144236,0.01,0.01,0.00,4496,3.92,3.76,0.13,414700,0.07,0.05,0.01,31428,
benchmark_0440,1.04,0.95,0.06,147720,0.01,0.01,0.00,4496,3.57,3.40,0.13,394484,0.08,0.04,0.02,31416,
benchmark_0163,1.09,1.01,0.05,149876,0.02,0.01,0.00,4496,3.73,3.57,0.13,395796,0.07,0.05,0.01,31424,
benchmark_0070,1.06,0.97,0.06,148268,0.02,0.01,0.00,4496,3.75,3.57,0.14,417076,0.07,0.05,0.02,31424,
benchmark_0398,1.10,1.01,0.05,154388,0.01,0.01,0.00,4496,4.10,3.90,0.16,409224,0.07,0.05,0.02,31420,
benchmark_0213,1.05,0.97,0.06,154100,0.02,0.01,0.00,4496,3.81,3.56,0.18,433224,0.06,0.04,0.01,31500,
benchmark_0493,1.06,0.98,0.06,141708,0.01,0.01,0.00,4496,3.75,3.57,0.15,413584,0.07,0.04,0.02,31424,
benchmark_0393,1.08,0.99,0.05,142428,0.01,0.01,0.00,4496,3.83,3.66,0.14,402248,0.07,0.05,0.01,31496,
benchmark_0013,1.04,0.95,0.06,144904,0.01,0.00,0.00,4496,3.54,3.36,0.15,424664,0.07,0.05,0.01,31404,
benchmark_0464,1.08,1.00,0.05,142992,0.01,0.01,0.00,4496,3.81,3.63,0.13,409664,0.07,0.05,0.01,31444,
benchmark_0003,1.05,0.97,0.05,152512,0.01,0.01,0.00,4496,3.84,3.67,0.14,408248,0.07,0.04,0.02,31420,
benchmark_0275,1.22,1.14,0.05,159736,0.01,0.01,0.00,4496,3.80,3.63,0.13,403616,0.07,0.05,0.01,31428,
benchmark_0129,0.98,0.91,0.05,142204,0.02,0.01,0.00,4496,3.98,3.82,0.13,431680,0.07,0.05,0.01,31420,
benchmark_0309,1.08,0.99,0.05,148696,0.01,0.01,0.00,4496,4.02,3.78,0.16,411804,0.07,0.05,0.01,31444,
benchmark_0436,1.20,1.13,0.05,153704,0.01,0.01,0.00,4496,3.62,3.45,0.15,391136,0.07,0.04,0.02,31416,
benchmark_0248,1.17,1.09,0.06,151000,0.01,0.00,0.00,4496,3.77,3.61,0.14,391732,0.07,0.04,0.01,31420,
benchmark_0388,1.02,0.93,0.06,142972,0.01,0.01,0.00,4496,3.85,3.69,0.13,421740,0.07,0.05,0.01,31424,
benchmark_0201,1.07,0.95,0.06,141368,0.01,0.01,0.00,4496,3.76,3.59,0.13,407432,0.07,0.05,0.01,31432,
benchmark_0235,1.02,0.95,0.06,149104,0.01,0.00,0.00,4496,3.83,3.67,0.12,398996,0.07,0.04,0.02,31388,
benchmark_0499,1.06,0.96,0.06,142900,0.02,0.01,0.00,4496,3.84,3.67,0.13,400456,0.07,0.05,0.01,31420,
benchmark_0451,1.06,1.00,0.04,147692,0.02,0.01,0.00,4496,3.81,3.65,0.12,395472,0.07,0.05,0.01,31428,
benchmark_0378,1.11,1.04,0.04,144684,0.01,0.01,0.00,4496,3.73,3.53,0.14,398040,0.07,0.04,0.02,31444,
benchmark_0342,1.14,1.05,0.06,146140,0.01,0.01,0.00,4496,3.64,3.45,0.15,407584,0.07,0.04,0.02,31420,
benchmark_0182,1.11,1.03,0.05,144868,0.02,0.01,0.00,4496,3.76,3.58,0.15,399708,0.07,0.05,0.02,31420,
benchmark_0083,1.22,1.13,0.06,153332,0.01,0.01,0.00,4496,3.80,3.64,0.13,396244,0.07,0.04,0.01,31392,
benchmark_0065,1.02,0.93,0.06,140576,0.01,0.00,0.00,4496,3.58,3.40,0.15,395800,0.07,0.05,0.01,31444,
benchmark_0061,1.06,0.97,0.06,142600,0.02,0.01,0.00,4496,4.12,3.94,0.14,392896,0.07,0.05,0.01,31448,
benchmark_0225,1.12,1.02,0.06,149132,0.02,0.01,0.00,4496,3.60,3.42,0.13,398532,0.07,0.05,0.01,31444,
benchmark_0209,1.04,0.95,0.05,140932,0.01,0.01,0.00,4496,3.79,3.60,0.14,408456,0.07,0.05,0.01,31444,
benchmark_0340,1.05,0.96,0.06,148472,0.01,0.01,0.00,4496,3.77,3.57,0.16,402024,0.07,0.05,0.01,31452,
benchmark_0312,1.02,0.94,0.06,143924,0.01,0.01,0.00,4496,3.85,3.64,0.16,394580,0.07,0.04,0.02,31404,
benchmark_0444,1.04,0.97,0.05,144580,0.02,0.01,0.00,4496,3.69,3.51,0.15,420736,0.06,0.04,0.02,31452,
benchmark_0376,1.07,0.98,0.05,139688,0.02,0.01,0.00,4496,3.67,3.47,0.16,399976,0.06,0.04,0.01,31408,
benchmark_0140,1.14,1.05,0.06,150532,0.02,0.01,0.00,4496,3.76,3.59,0.14,405400,0.06,0.05,0.01,31396,
benchmark_0041,1.03,0.96,0.05,140396,0.02,0.01,0.00,4496,3.91,3.74,0.14,411728,0.06,0.05,0.00,31444,
benchmark_0242,1.06,0.98,0.05,140332,0.01,0.01,0.00,4496,4.25,4.05,0.15,418284,0.07,0.05,0.01,31428,
benchmark_0221,1.06,0.98,0.05,145032,0.02,0.01,0.00,4496,3.94,3.78,0.13,417636,0.07,0.04,0.02,31420,
benchmark_0379,1.16,1.06,0.06,145172,0.01,0.01,0.00,4496,3.79,3.60,0.15,395780,0.06,0.05,0.01,31436,
benchmark_0356,1.20,1.11,0.06,147184,0.01,0.00,0.00,4496,4.23,4.01,0.17,429900,0.06,0.04,0.01,31444,
benchmark_0434,1.09,1.01,0.06,146020,0.01,0.01,0.00,4496,3.67,3.50,0.13,396492,0.06,0.04,0.01,31424,
benchmark_0411,1.04,0.96,0.05,140680,0.01,0.01,0.00,4496,4.06,3.86,0.17,414796,0.06,0.04,0.01,31416,
benchmark_0110,1.04,0.96,0.05,148612,0.01,0.01,0.00,4496,3.94,3.77,0.14,393780,0.07,0.04,0.02,31428,
benchmark_0277,1.07,0.97,0.06,140880,0.02,0.01,0.00,4496,3.74,3.58,0.13,393464,0.07,0.05,0.01,31448,
benchmark_0301,1.07,0.99,0.05,149704,0.02,0.01,0.00,4496,3.72,3.55,0.13,392704,0.07,0.04,0.02,31420,
benchmark_0291,1.11,1.04,0.05,150384,0.02,0.01,0.00,4496,3.90,3.72,0.15,410708,0.07,0.05,0.02,31416,
benchmark_0446,1.07,1.00,0.04,140976,0.01,0.01,0.00,4496,3.64,3.46,0.14,391360,0.07,0.05,0.02,31428,
benchmark_0281,1.17,1.08,0.06,150256,0.01,0.01,0.00,4496,3.75,3.57,0.14,397968,0.07,0.04,0.02,31448,
benchmark_0425,1.07,0.99,0.06,144680,0.02,0.01,0.00,4496,3.94,3.79,0.13,402564,0.07,0.04,0.02,31400,
benchmark_0443,1.04,0.97,0.05,148656,0.01,0.01,0.00,4496,3.94,3.78,0.13,404584,0.07,0.05,0.02,31412,
benchmark_0481,1.05,0.96,0.05,145308,0.01,0.01,0.00,4496,3.75,3.55,0.14,395192,0.07,0.04,0.02,31440,
benchmark_0269,1.01,0.93,0.05,140884,0.02,0.01,0.00,4496,3.83,3.67,0.12,411720,0.07,0.05,0.01,31412,
benchmark_0132,1.11,1.03,0.05,142000,0.02,0.01,0.00,4496,3.88,3.71,0.14,400928,0.07,0.05,0.01,31404,
benchmark_0478,1.06,0.98,0.05,141484,0.02,0.01,0.00,4496,3.79,3.59,0.17,411320,0.07,0.05,0.01,31400,
benchmark_0173,1.02,0.94,0.05,146852,0.01,0.01,0.00,4496,4.08,3.90,0.15,414452,0.06,0.04,0.01,31448,
benchmark_0023,1.05,0.97,0.06,145368,0.02,0.01,0.00,4496,4.12,3.91,0.19,431568,0.06,0.04,0.01,31444,
benchmark_0147,1.06,0.98,0.06,144908,0.02,0.01,0.00,4496,3.77,3.56,0.15,410856,0.06,0.04,0.01,31416,
benchmark_0237,1.05,0.97,0.05,143272,0.02,0.01,0.00,4496,3.70,3.48,0.17,398472,0.06,0.04,0.01,31472,
benchmark_0414,1.02,0.94,0.05,140416,0.02,0.01,0.00,4496,3.69,3.53,0.12,399660,0.06,0.04,0.01,31444,
benchmark_0405,1.00,0.90,0.05,140516,0.01,0.01,0.00,4496,3.79,3.60,0.15,416664,0.06,0.04,0.01,31480,
benchmark_0279,1.04,0.96,0.05,140240,0.01,0.01,0.00,4496,3.89,3.74,0.13,397208,0.06,0.04,0.01,31444,
benchmark_0338,1.13,1.05,0.06,153960,0.02,0.01,0.00,4496,3.73,3.53,0.17,412880,0.07,0.05,0.01,31424,
benchmark_0231,1.09,1.00,0.05,150532,0.02,0.01,0.00,4496,3.81,3.62,0.15,407120,0.06,0.04,0.01,31428,
benchmark_0418,1.10,1.00,0.06,140284,0.01,0.01,0.00,4496,3.61,3.42,0.16,383476,0.06,0.04,0.01,31400,
benchmark_0127,1.10,1.01,0.06,144104,0.02,0.01,0.00,4496,3.78,3.62,0.12,406424,0.08,0.05,0.01,31424,
benchmark_0144,1.05,0.97,0.05,141060,0.01,0.01,0.00,4496,3.66,3.47,0.14,393956,0.07,0.04,0.02,31440,
benchmark_0324,1.01,0.94,0.05,140280,0.01,0.00,0.00,4496,3.84,3.67,0.13,412740,0.07,0.05,0.01,31408,
benchmark_0078,1.04,0.94,0.05,140284,0.02,0.01,0.00,4496,3.76,3.58,0.14,401436,0.07,0.05,0.02,31392,
benchmark_0357,1.10,1.02,0.06,144596,0.02,0.01,0.00,4496,3.71,3.54,0.13,390820,0.07,0.04,0.02,31420,
benchmark_0045,1.12,1.02,0.05,145056,0.02,0.01,0.00,4496,3.93,3.74,0.17,399020,0.06,0.04,0.01,31424,
benchmark_0105,1.08,0.99,0.07,149152,0.01,0.01,0.00,4496,3.83,3.60,0.18,412420,0.07,0.05,0.01,31452,
benchmark_0234,1.08,0.99,0.06,142008,0.01,0.01,0.00,4496,3.69,3.51,0.15,404516,0.07,0.05,0.01,31420,
benchmark_0329,1.09,1.01,0.05,142688,0.01,0.01,0.00,4496,3.77,3.57,0.15,396076,0.06,0.05,0.01,31424,
benchmark_0100,1.13,1.04,0.05,153204,0.01,0.01,0.00,4496,3.74,3.55,0.16,407760,0.07,0.05,0.01,31444,
benchmark_0007,1.06,0.99,0.05,144540,0.01,0.01,0.00,4496,3.76,3.61,0.12,396940,0.07,0.04,0.01,31452,
benchmark_0348,1.06,0.95,0.06,144996,0.02,0.01,0.00,4496,3.97,3.80,0.14,398632,0.07,0.05,0.01,31420,
benchmark_0427,1.04,0.96,0.05,140252,0.01,0.01,0.00,4496,4.14,3.98,0.13,422640,0.07,0.04,0.02,31448,
benchmark_0202,1.09,1.01,0.05,142024,0.02,0.01,0.00,4496,3.80,3.60,0.17,408476,0.07,0.05,0.01,31448,
benchmark_0148,1.03,0.94,0.06,150100,0.02,0.01,0.00,4496,3.92,3.70,0.18,429068,0.07,0.05,0.02,31420,
benchmark_0394,1.16,1.07,0.06,149820,0.02,0.01,0.00,4496,3.90,3.74,0.12,404948,0.07,0.05,0.02,31420,
benchmark_0303,1.08,0.99,0.05,145080,0.02,0.01,0.00,4496,3.88,3.67,0.16,407344,0.07,0.04,0.02,31400,
benchmark_0458,1.09,1.01,0.06,152224,0.02,0.01,0.00,4496,3.77,3.59,0.16,396120,0.06,0.04,0.02,31420,
benchmark_0276,0.99,0.91,0.06,139816,0.01,0.01,0.00,4496,3.83,3.66,0.14,402016,0.07,0.05,0.01,31400,
benchmark_0308,1.20,1.10,0.07,160156,0.02,0.01,0.00,4496,3.74,3.55,0.15,418144,0.07,0.04,0.02,31400,
benchmark_0295,1.09,1.00,0.06,144152,0.01,0.01,0.00,4496,3.98,3.79,0.16,419736,0.07,0.04,0.02,31424,
benchmark_0352,1.03,0.95,0.05,139932,0.01,0.01,0.00,4496,3.91,3.69,0.18,402764,0.06,0.04,0.02,31400,
benchmark_0119,1.12,1.03,0.06,144788,0.02,0.01,0.00,4496,3.87,3.67,0.16,409740,0.06,0.04,0.01,31404,
benchmark_0211,1.10,0.96,0.06,142792,0.02,0.01,0.00,4496,4.09,3.90,0.15,428660,0.06,0.04,0.02,31432,
benchmark_0438,0.98,0.89,0.05,140952,0.01,0.00,0.00,4496,3.84,3.64,0.17,414532,0.07,0.05,0.02,31448,
benchmark_0026,1.03,0.95,0.05,140776,0.01,0.01,0.00,4496,3.72,3.49,0.18,393052,0.06,0.04,0.01,31424,
benchmark_0210,1.03,0.95,0.05,146864,0.01,0.01,0.00,4496,3.95,3.77,0.14,400844,0.07,0.05,0.01,31420,
benchmark_0266,0.98,0.88,0.06,141776,0.01,0.01,0.00,4496,3.93,3.76,0.14,410080,0.07,0.05,0.01,31452,
benchmark_0339,1.07,0.99,0.06,142592,0.01,0.01,0.00,4496,3.95,3.78,0.13,401096,0.07,0.05,0.01,31452,
benchmark_0077,1.00,0.90,0.07,145756,0.01,0.01,0.00,4496,4.03,3.84,0.16,395764,0.07,0.05,0.01,31424,
benchmark_0476,1.08,1.00,0.05,139868,0.01,0.01,0.00,4496,3.79,3.62,0.16,396064,0.07,0.05,0.01,31388,
benchmark_0130,1.12,1.05,0.04,145904,0.01,0.01,0.00,4496,3.88,3.70,0.15,394456,0.07,0.05,0.01,31428,
benchmark_0433,1.03,0.94,0.05,144912,0.01,0.01,0.00,4496,4.07,3.86,0.17,412092,0.07,0.04,0.02,31420,
benchmark_0241,1.10,1.01,0.06,145692,0.02,0.00,0.01,4496,3.68,3.48,0.17,401852,0.07,0.05,0.01,31400,
benchmark_0395,1.02,0.91,0.07,142512,0.01,0.01,0.00,4496,3.84,3.68,0.12,407212,0.07,0.04,0.02,31424,
benchmark_0410,1.04,0.95,0.04,142732,0.02,0.01,0.00,4496,3.80,3.64,0.13,400872,0.07,0.04,0.01,31424,
benchmark_0420,1.07,0.97,0.06,145044,0.01,0.01,0.00,4496,3.95,3.80,0.12,405416,0.07,0.04,0.02,31428,
benchmark_0223,1.02,0.93,0.06,140716,0.02,0.01,0.00,4496,3.94,3.74,0.18,403444,0.06,0.04,0.01,31424,
benchmark_0107,1.12,1.04,0.05,149988,0.01,0.00,0.00,4496,3.90,3.71,0.16,390436,0.06,0.04,0.02,31416,
benchmark_0484,1.09,1.00,0.05,139788,0.02,0.01,0.00,4496,3.81,3.59,0.16,401868,0.06,0.04,0.01,31392,
benchmark_0409,1.01,0.91,0.06,141160,0.01,0.01,0.00,4496,3.87,3.71,0.13,401884,0.06,0.04,0.01,31424,
benchmark_0278,1.05,0.96,0.06,147132,0.02,0.01,0.00,4496,3.88,3.70,0.14,411120,0.07,0.05,0.01,31448,
benchmark_0067,1.04,0.95,0.05,146312,0.02,0.01,0.00,4496,3.80,3.62,0.16,394976,0.07,0.05,0.01,31444,
benchmark_0097,1.14,1.06,0.05,146936,0.01,0.01,0.00,4496,4.05,3.84,0.16,414292,0.07,0.04,0.02,31452,
benchmark_0461,1.12,1.04,0.06,152496,0.01,0.01,0.00,4496,4.10,3.92,0.15,413648,0.07,0.05,0.01,31448,
benchmark_0244,1.03,0.95,0.05,143880,0.01,0.00,0.00,4496,4.02,3.84,0.15,392912,0.07,0.04,0.02,31400,
benchmark_0212,1.11,1.02,0.06,148472,0.01,0.01,0.00,4496,3.89,3.70,0.16,392396,0.07,0.05,0.01,31460,
benchmark_0259,1.14,1.05,0.07,161664,0.01,0.00,0.00,4496,3.72,3.48,0.17,402844,0.06,0.04,0.01,31424,
benchmark_0116,1.12,1.05,0.05,142264,0.02,0.01,0.00,4496,4.07,3.91,0.13,420368,0.06,0.04,0.02,31400,
benchmark_0165,1.00,0.92,0.05,145980,0.01,0.01,0.00,4496,4.08,3.88,0.16,415376,0.06,0.04,0.01,31400,
benchmark_0047,1.01,0.92,0.05,143720,0.01,0.01,0.00,4496,3.87,3.67,0.17,405236,0.06,0.04,0.02,31420,
benchmark_0181,1.18,1.09,0.06,150736,0.01,0.01,0.00,4496,3.94,3.78,0.13,405236,0.07,0.04,0.02,31392,
benchmark_0480,1.15,1.07,0.07,149984,0.01,0.01,0.00,4496,4.19,4.03,0.12,405332,0.07,0.04,0.02,31456,
benchmark_0268,1.00,0.92,0.05,149044,0.02,0.01,0.00,4496,4.05,3.84,0.17,415704,0.06,0.04,0.02,31428,
benchmark_0265,1.13,1.04,0.05,141336,0.01,0.01,0.00,4496,3.86,3.63,0.17,399028,0.06,0.05,0.01,31432,
benchmark_0199,1.12,1.02,0.06,145052,0.02,0.00,0.00,4496,3.73,3.53,0.16,393632,0.07,0.05,0.01,31416,
benchmark_0487,0.99,0.92,0.05,140228,0.02,0.01,0.00,4496,3.95,3.76,0.16,401900,0.07,0.04,0.02,31452,
benchmark_0200,1.06,0.97,0.05,144512,0.01,0.01,0.00,4496,3.96,3.80,0.13,403312,0.06,0.04,0.01,31452,
benchmark_0430,1.03,0.93,0.06,144488,0.01,0.01,0.00,4496,3.73,3.55,0.15,402576,0.06,0.04,0.01,31428,
benchmark_0354,1.06,0.98,0.06,140424,0.01,0.00,0.00,4496,3.60,3.44,0.13,383100,0.07,0.04,0.02,31444,
benchmark_0449,1.11,1.04,0.05,145244,0.01,0.01,0.00,4496,3.75,3.59,0.13,409480,0.07,0.05,0.02,31444,
benchmark_0149,1.01,0.93,0.05,140476,0.01,0.01,0.00,4496,3.60,3.42,0.16,403720,0.07,0.05,0.01,31400,
benchmark_0397,1.11,1.01,0.06,140208,0.01,0.01,0.00,4496,3.76,3.54,0.16,393432,0.07,0.05,0.01,31424,
benchmark_0017,1.11,1.02,0.06,145560,0.02,0.01,0.00,4496,3.81,3.62,0.15,391352,0.07,0.05,0.01,31420,
benchmark_0485,1.00,0.91,0.05,145968,0.02,0.00,0.01,4496,3.80,3.62,0.13,396464,0.07,0.04,0.02,31428,
benchmark_0048,1.07,0.98,0.05,153532,0.02,0.01,0.00,4496,3.72,3.58,0.11,395788,0.07,0.04,0.02,31424,
benchmark_0104,1.01,0.91,0.06,147468,0.02,0.01,0.00,4496,3.88,3.72,0.12,395156,0.07,0.05,0.01,31404,
benchmark_0002,1.11,1.02,0.06,142724,0.01,0.01,0.00,4496,3.91,3.71,0.17,397932,0.07,0.05,0.01,31452,
benchmark_0194,1.19,1.10,0.06,156548,0.01,0.01,0.00,4496,3.94,3.78,0.13,409996,0.07,0.05,0.01,31476,
benchmark_0495,1.02,0.93,0.05,145008,0.01,0.01,0.00,4496,4.03,3.80,0.18,402012,0.07,0.05,0.01,31428,
benchmark_0126,1.00,0.92,0.05,146832,0.01,0.01,0.00,4496,3.87,3.62,0.20,406124,0.06,0.04,0.01,31444,
benchmark_0288,1.13,1.04,0.06,142052,0.02,0.01,0.00,4496,3.65,3.44,0.18,411576,0.07,0.04,0.02,31448,
benchmark_0240,1.10,1.01,0.05,142516,0.02,0.01,0.00,4496,3.71,3.52,0.15,422620,0.06,0.05,0.01,31448,
benchmark_0424,1.13,1.05,0.05,156064,0.01,0.01,0.00,4496,3.79,3.59,0.17,400644,0.06,0.05,0.01,31420,
benchmark_0032,1.14,1.05,0.05,152964,0.01,0.01,0.00,4496,3.95,3.80,0.13,407464,0.07,0.05,0.01,31448,
benchmark_0313,1.12,1.03,0.06,146320,0.02,0.00,0.01,4496,3.84,3.67,0.13,416072,0.07,0.04,0.02,31424,
benchmark_0151,1.19,1.10,0.06,150048,0.01,0.01,0.00,4496,3.90,3.74,0.14,405320,0.07,0.04,0.02,31444,
benchmark_0197,1.04,0.95,0.05,141912,0.02,0.01,0.00,4496,3.74,3.55,0.16,401072,0.07,0.04,0.02,31440,
benchmark_0292,1.01,0.93,0.06,145316,0.02,0.01,0.00,4496,3.84,3.64,0.17,391796,0.07,0.05,0.02,31468,
benchmark_0109,1.16,1.06,0.07,154156,0.02,0.01,0.00,4496,3.65,3.44,0.15,386916,0.07,0.04,0.02,31432,
benchmark_0169,1.11,1.02,0.06,145564,0.02,0.01,0.00,4496,3.99,3.82,0.14,408528,0.06,0.04,0.01,31420,
benchmark_0018,1.04,0.95,0.05,140500,0.01,0.01,0.00,4496,3.74,3.57,0.14,388740,0.06,0.04,0.01,31400,
benchmark_0389,1.12,1.02,0.06,150968,0.02,0.01,0.00,4496,3.65,3.48,0.13,389484,0.06,0.05,0.01,31400,
benchmark_0300,1.09,0.99,0.06,144504,0.02,0.01,0.00,4496,3.77,3.59,0.13,399992,0.07,0.05,0.02,31396,
benchmark_0326,0.99,0.92,0.04,142908,0.02,0.01,0.00,4496,3.68,3.51,0.13,403524,0.07,0.04,0.01,31428,
benchmark_0232,1.28,1.18,0.07,159356,0.01,0.01,0.00,4496,3.98,3.73,0.18,398616,0.07,0.05,0.01,31428,
benchmark_0082,1.00,0.93,0.04,140104,0.01,0.01,0.00,4496,3.66,3.46,0.16,403160,0.07,0.05,0.02,31400,
benchmark_0217,1.10,1.02,0.04,141968,0.02,0.01,0.01,4496,3.77,3.54,0.17,384008,0.07,0.04,0.02,31428,
benchmark_0267,1.12,1.03,0.06,142056,0.01,0.00,0.00,4496,3.69,3.46,0.15,398540,0.07,0.05,0.01,31424,
benchmark_0233,1.08,1.00,0.05,153152,0.02,0.01,0.00,4496,3.87,3.69,0.15,408216,0.06,0.04,0.01,31452,
benchmark_0369,1.07,0.96,0.06,149172,0.01,0.01,0.00,4496,3.86,3.70,0.14,402920,0.06,0.05,0.01,31428,
benchmark_0271,1.10,1.02,0.04,142808,0.02,0.01,0.00,4496,4.22,4.03,0.13,405176,0.06,0.04,0.02,31456,
benchmark_0137,1.00,0.91,0.06,142384,0.02,0.01,0.00,4496,3.83,3.66,0.14,407652,0.06,0.04,0.01,31428,
benchmark_0001,1.10,1.01,0.06,140708,0.02,0.01,0.00,4496,3.57,3.38,0.16,383316,0.06,0.04,0.01,31424,
benchmark_0335,1.01,0.92,0.06,144204,0.02,0.01,0.00,4496,3.56,3.38,0.16,399928,0.07,0.04,0.02,31424,
benchmark_0158,1.05,0.96,0.06,144424,0.01,0.01,0.00,4496,3.62,3.41,0.16,401324,0.07,0.05,0.01,31424,
benchmark_0336,0.97,0.89,0.05,142704,0.02,0.01,0.00,4496,3.71,3.53,0.14,408888,0.07,0.04,0.02,31424,
benchmark_0387,1.07,0.98,0.06,141948,0.02,0.01,0.00,4496,3.85,3.64,0.14,396796,0.07,0.04,0.02,31416,
benchmark_0310,1.03,0.92,0.06,141468,0.02,0.01,0.00,4496,4.12,3.95,0.14,401720,0.06,0.04,0.01,31456,
benchmark_0355,1.03,0.95,0.05,142560,0.02,0.01,0.00,4496,3.93,3.77,0.13,399952,0.07,0.04,0.02,31396,
benchmark_0462,1.00,0.92,0.05,139916,0.01,0.01,0.00,4496,4.18,4.00,0.14,403748,0.06,0.05,0.00,31420,
benchmark_0069,1.15,1.06,0.05,146852,0.01,0.01,0.00,4496,3.84,3.63,0.17,406336,0.07,0.05,0.01,31420,
benchmark_0459,1.12,1.05,0.05,140372,0.02,0.01,0.00,4496,3.84,3.66,0.15,402984,0.07,0.04,0.01,31452,
benchmark_0183,1.03,0.96,0.05,145516,0.02,0.01,0.00,4496,3.44,3.22,0.16,396968,0.07,0.04,0.02,31428,
benchmark_0472,1.12,1.04,0.05,139608,0.01,0.01,0.00,4496,3.78,3.61,0.14,396540,0.07,0.06,0.01,31400,
benchmark_0062,1.14,1.04,0.06,145388,0.02,0.01,0.00,4496,3.75,3.59,0.13,392660,0.07,0.04,0.02,31400,
benchmark_0261,0.96,0.88,0.04,148064,0.01,0.01,0.00,4496,4.05,3.88,0.15,404252,0.07,0.04,0.01,31420,
benchmark_0187,0.97,0.89,0.06,142160,0.01,0.01,0.00,4496,3.74,3.58,0.14,402464,0.06,0.05,0.01,31424,
benchmark_0426,1.10,1.01,0.06,152748,0.02,0.01,0.00,4496,3.61,3.42,0.17,396088,0.06,0.04,0.01,31480,
benchmark_0092,1.10,1.01,0.05,142112,0.02,0.01,0.00,4496,3.76,3.53,0.17,433504,0.06,0.04,0.02,31424,
benchmark_0337,1.12,1.04,0.05,140132,0.01,0.01,0.00,4496,3.95,3.78,0.14,415908,0.07,0.05,0.02,31428,
benchmark_0253,1.00,0.92,0.05,142996,0.01,0.01,0.00,4496,3.62,3.42,0.18,411632,0.06,0.04,0.01,31424,
benchmark_0034,1.11,1.03,0.05,139884,0.02,0.01,0.00,4496,3.74,3.54,0.16,425588,0.06,0.04,0.01,31424,
benchmark_0136,1.00,0.90,0.06,149264,0.02,0.01,0.00,4496,3.79,3.63,0.13,420244,0.06,0.04,0.01,31420,
benchmark_0098,1.05,0.96,0.05,143032,0.02,0.01,0.00,4496,3.79,3.62,0.13,389648,0.06,0.04,0.02,31424,
benchmark_0020,0.98,0.90,0.06,145100,0.02,0.01,0.00,4496,4.16,3.99,0.14,421716,0.06,0.04,0.01,31420,
benchmark_0471,1.07,0.99,0.05,145556,0.05,0.01,0.00,4496,3.96,3.75,0.17,391388,0.06,0.04,0.01,31424,
benchmark_0216,1.08,0.98,0.05,146592,0.01,0.00,0.00,4496,3.55,3.34,0.17,399384,0.07,0.05,0.01,31496,
benchmark_0099,1.04,0.97,0.04,144924,0.02,0.01,0.00,4496,3.91,3.74,0.14,413216,0.07,0.04,0.01,31396,
benchmark_0043,1.09,1.00,0.05,143232,0.01,0.01,0.00,4496,3.56,3.38,0.14,403152,0.07,0.04,0.02,31500,
benchmark_0429,1.04,0.92,0.06,142948,0.01,0.01,0.00,4496,3.32,3.13,0.14,394216,0.07,0.04,0.02,31424,
benchmark_0469,1.15,1.06,0.06,145016,0.01,0.01,0.00,4496,3.96,3.79,0.13,390284,0.07,0.05,0.01,31420,
benchmark_0191,1.16,1.06,0.04,145492,0.01,0.01,0.00,4496,3.86,3.67,0.15,406960,0.06,0.04,0.01,31400,
benchmark_0382,1.00,0.92,0.05,143060,0.01,0.01,0.00,4496,4.24,4.07,0.14,413640,0.06,0.05,0.01,31432,
benchmark_0075,1.09,1.01,0.05,140364,0.01,0.01,0.00,4496,3.88,3.68,0.18,394768,0.06,0.04,0.01,31404,
benchmark_0284,1.13,1.03,0.05,151824,0.01,0.01,0.00,4496,3.86,3.66,0.17,401456,0.06,0.04,0.01,31404,
benchmark_0059,1.02,0.92,0.06,142380,0.01,0.01,0.00,4496,4.11,3.94,0.14,405348,0.07,0.05,0.01,31452,
benchmark_0289,1.19,1.07,0.06,144712,0.01,0.00,0.00,4496,3.89,3.68,0.14,401804,0.07,0.05,0.01,31424,
benchmark_0035,1.00,0.89,0.05,145068,0.01,0.01,0.00,4496,3.83,3.67,0.12,400216,0.06,0.04,0.01,31472,
benchmark_0286,1.05,0.95,0.06,140876,0.05,0.00,0.00,4496,3.81,3.64,0.14,406948,0.07,0.05,0.02,31448,
benchmark_0108,1.01,0.92,0.06,143396,0.01,0.01,0.00,4496,3.88,3.70,0.13,423668,0.07,0.05,0.01,31448,
benchmark_0470,1.07,0.98,0.06,148588,0.01,0.00,0.00,4496,3.88,3.71,0.14,395340,0.06,0.04,0.01,31420,
benchmark_0118,1.09,1.01,0.06,146956,0.02,0.01,0.00,4496,3.68,3.48,0.18,401172,0.06,0.04,0.02,31424,
benchmark_0016,1.07,0.99,0.06,153332,0.02,0.01,0.00,4496,3.70,3.52,0.15,392884,0.06,0.04,0.01,31424,
benchmark_0375,1.01,0.93,0.06,143536,0.02,0.01,0.00,4496,3.78,3.62,0.12,394700,0.07,0.05,0.01,31392,
benchmark_0113,1.11,1.02,0.05,142348,0.01,0.01,0.00,4496,4.06,3.88,0.15,426632,0.07,0.04,0.02,31424,
benchmark_0152,1.10,0.89,0.06,146620,0.02,0.01,0.00,4496,3.89,3.63,0.15,409804,0.07,0.04,0.02,31424,
benchmark_0385,1.26,1.06,0.08,153872,0.02,0.01,0.00,4496,3.64,3.46,0.13,398144,0.07,0.05,0.02,31444,
benchmark_0186,1.05,0.97,0.06,153224,0.01,0.01,0.00,4496,3.84,3.67,0.13,409148,0.06,0.05,0.01,31424,
benchmark_0380,1.17,1.09,0.05,149340,0.01,0.01,0.00,4496,3.77,3.61,0.14,401640,0.06,0.04,0.01,31420,
benchmark_0190,1.05,0.96,0.06,146920,0.02,0.01,0.00,4496,3.82,3.62,0.17,405156,0.07,0.05,0.01,31424,
benchmark_0084,1.03,0.94,0.05,146008,0.01,0.01,0.00,4496,3.90,3.69,0.17,409100,0.07,0.05,0.01,31416,
benchmark_0008,1.04,0.95,0.06,142452,0.02,0.01,0.00,4496,3.94,3.78,0.12,393644,0.06,0.04,0.01,31424,
benchmark_0053,1.08,1.00,0.06,148872,0.02,0.01,0.00,4496,3.85,3.67,0.14,405008,0.07,0.05,0.01,31400,
benchmark_0367,1.01,0.91,0.06,140716,0.01,0.01,0.00,4496,3.89,3.72,0.14,391256,0.06,0.05,0.01,31424,
benchmark_0441,0.98,0.91,0.05,140128,0.02,0.01,0.00,4496,3.75,3.54,0.15,414508,0.07,0.05,0.01,31452,
benchmark_0466,1.13,1.03,0.07,145200,0.01,0.01,0.00,4496,3.80,3.63,0.14,414800,0.06,0.04,0.02,31400,
benchmark_0038,1.11,1.03,0.06,140364,0.01,0.01,0.00,4496,3.79,3.62,0.14,415108,0.06,0.05,0.01,31396,
benchmark_0490,1.06,0.97,0.07,146364,0.01,0.01,0.00,4496,3.71,3.52,0.16,394092,0.06,0.04,0.01,31428,
benchmark_0112,0.99,0.89,0.06,140348,0.01,0.01,0.00,4496,3.91,3.70,0.18,417808,0.07,0.04,0.02,31452,
benchmark_0015,1.06,0.94,0.05,140372,0.01,0.01,0.00,4496,3.85,3.69,0.14,402664,0.07,0.04,0.02,31444,
benchmark_0162,1.06,0.98,0.06,148468,0.01,0.01,0.00,4496,3.82,3.64,0.15,426360,0.07,0.05,0.01,31452,
benchmark_0073,1.03,0.93,0.05,145088,0.02,0.01,0.00,4496,3.77,3.54,0.16,411228,0.07,0.05,0.01,31424,
benchmark_0293,1.02,0.94,0.05,154388,0.01,0.01,0.00,4496,3.85,3.66,0.14,401720,0.07,0.05,0.01,31432,
benchmark_0428,1.17,1.09,0.06,149064,0.01,0.00,0.00,4496,3.82,3.64,0.13,392308,0.07,0.04,0.02,31448,
benchmark_0170,1.10,1.00,0.06,144628,0.01,0.01,0.00,4496,3.97,3.80,0.15,406284,0.07,0.04,0.02,31428,
benchmark_0456,1.18,1.10,0.06,149980,0.01,0.01,0.00,4496,3.92,3.69,0.18,423296,0.07,0.04,0.02,31420,
benchmark_0159,0.99,0.92,0.05,144992,0.01,0.01,0.00,4496,3.72,3.52,0.17,394808,0.07,0.05,0.01,31452,
benchmark_0316,1.04,0.97,0.05,143376,0.01,0.01,0.00,4496,3.65,3.50,0.11,389412,0.06,0.04,0.01,31460,
benchmark_0273,1.09,1.03,0.06,149760,0.01,0.01,0.00,4496,3.77,3.60,0.14,403836,0.07,0.05,0.01,31424,
benchmark_0096,1.07,0.97,0.05,144748,0.01,0.01,0.00,4496,3.87,3.62,0.18,402468,0.07,0.05,0.01,31396,
benchmark_0064,0.99,0.93,0.04,146160,0.01,0.01,0.00,4496,3.95,3.77,0.14,403848,0.07,0.05,0.02,31416,
benchmark_0157,1.11,1.02,0.06,141908,0.01,0.01,0.00,4496,3.91,3.76,0.13,400900,0.06,0.04,0.01,31444,
benchmark_0453,1.13,1.05,0.05,141204,0.01,0.01,0.00,4496,3.88,3.66,0.17,421532,0.07,0.05,0.01,31456,
benchmark_0146,1.05,0.96,0.06,147544,0.02,0.01,0.00,4496,3.87,3.72,0.13,407608,0.07,0.04,0.02,31400,
benchmark_0028,1.05,0.96,0.06,148260,0.01,0.01,0.00,4496,3.63,3.46,0.14,392252,0.07,0.05,0.01,31452,
benchmark_0166,1.08,1.00,0.06,144852,0.02,0.01,0.00,4496,3.86,3.68,0.15,396228,0.06,0.04,0.01,31396,
benchmark_0219,1.07,0.99,0.06,144484,0.02,0.01,0.00,4496,3.52,3.34,0.15,395944,0.06,0.04,0.01,31396,
benchmark_0056,1.02,0.91,0.07,145044,0.02,0.01,0.00,4496,4.13,3.88,0.19,416912,0.06,0.05,0.01,31456,
benchmark_0243,0.99,0.89,0.06,146548,0.01,0.01,0.00,4496,3.83,3.64,0.15,395688,0.07,0.04,0.02,31444,
benchmark_0060,1.12,1.03,0.06,142716,0.01,0.01,0.00,4496,3.74,3.56,0.14,416496,0.07,0.05,0.01,31424,
benchmark_0390,1.07,0.99,0.05,142568,0.02,0.01,0.00,4496,3.91,3.71,0.16,402616,0.06,0.05,0.01,31400,
benchmark_0222,0.95,0.87,0.05,139984,0.02,0.01,0.00,4496,3.75,3.58,0.14,382280,0.06,0.04,0.02,31420,
benchmark_0131,1.09,1.00,0.06,142192,0.01,0.01,0.00,4496,3.81,3.65,0.13,397808,0.06,0.04,0.01,31424,
benchmark_0029,1.10,1.02,0.05,143988,0.02,0.01,0.00,4496,3.95,3.75,0.16,404936,0.06,0.04,0.01,31392,
benchmark_0009,1.00,0.92,0.04,140936,0.01,0.01,0.00,4496,3.75,3.57,0.14,436092,0.06,0.04,0.01,31424,
benchmark_0076,1.01,0.91,0.06,150924,0.01,0.01,0.00,4496,4.02,3.79,0.16,402700,0.07,0.05,0.01,31420,
benchmark_0323,1.03,0.94,0.06,156032,0.01,0.00,0.00,4496,3.74,3.56,0.14,402260,0.07,0.04,0.02,31420,
benchmark_0019,1.11,1.03,0.06,143604,0.01,0.01,0.00,4496,3.84,3.66,0.15,396256,0.07,0.04,0.02,31424,
benchmark_0321,0.99,0.91,0.05,146708,0.02,0.01,0.00,4496,3.77,3.59,0.15,392612,0.06,0.04,0.01,31424,
benchmark_0333,1.16,1.09,0.05,152912,0.01,0.01,0.00,4496,3.80,3.61,0.15,418924,0.07,0.04,0.01,31424,
benchmark_0412,1.08,1.00,0.06,139888,0.02,0.01,0.00,4496,3.96,3.80,0.13,404408,0.07,0.05,0.01,31448,
benchmark_0121,1.17,1.07,0.08,153004,0.02,0.01,0.00,4496,3.55,3.38,0.13,390432,0.07,0.04,0.02,31404,
benchmark_0346,1.02,0.95,0.05,143684,0.02,0.01,0.00,4496,3.89,3.72,0.14,394012,0.07,0.04,0.02,31424,
benchmark_0384,1.02,0.92,0.05,147488,0.01,0.00,0.00,4496,4.01,3.78,0.15,398904,0.07,0.05,0.02,31420,
benchmark_0318,1.01,0.93,0.04,140552,0.01,0.01,0.00,4496,3.83,3.62,0.17,427092,0.07,0.04,0.01,31432,
benchmark_0185,1.08,1.00,0.04,145516,0.02,0.01,0.00,4496,3.90,3.73,0.14,403172,0.06,0.04,0.01,31448,
benchmark_0285,1.00,0.91,0.05,142724,0.01,0.01,0.00,4496,3.73,3.57,0.13,393264,0.06,0.05,0.01,31416,
benchmark_0302,1.16,1.08,0.06,143108,0.01,0.00,0.00,4496,4.13,3.90,0.17,422152,0.07,0.04,0.02,31444,
benchmark_0460,1.10,1.01,0.06,148860,0.01,0.01,0.00,4496,3.98,3.80,0.15,402676,0.07,0.05,0.02,31456,
benchmark_0139,1.05,0.97,0.05,147708,0.02,0.01,0.00,4496,3.71,3.52,0.14,393804,0.06,0.05,0.01,31400,
benchmark_0117,1.04,0.94,0.05,142472,0.01,0.01,0.00,4496,3.67,3.49,0.16,413256,0.07,0.04,0.01,31420,
benchmark_0362,1.04,0.94,0.07,149168,0.02,0.01,0.00,4496,3.81,3.57,0.16,410116,0.07,0.05,0.02,31424,
benchmark_0442,1.13,1.04,0.06,139948,0.01,0.01,0.00,4496,4.19,4.03,0.13,403188,0.07,0.05,0.02,31428,
benchmark_0218,1.09,0.99,0.06,153148,0.01,0.00,0.00,4496,3.79,3.60,0.16,422564,0.07,0.05,0.01,31420,
benchmark_0215,1.11,1.04,0.05,142044,0.01,0.00,0.00,4496,3.95,3.78,0.14,414152,0.07,0.04,0.02,31400,
benchmark_0496,1.12,1.04,0.05,145488,0.02,0.01,0.00,4496,3.75,3.57,0.15,392240,0.07,0.04,0.02,31420,
benchmark_0063,1.11,1.03,0.06,148748,0.02,0.01,0.00,4496,3.82,3.66,0.13,392032,0.07,0.05,0.01,31396,
benchmark_0439,1.03,0.95,0.05,141916,0.02,0.01,0.00,4496,3.92,3.74,0.14,400636,0.07,0.04,0.02,31400,
benchmark_0228,1.05,0.96,0.05,144720,0.02,0.01,0.00,4496,3.70,3.54,0.14,408676,0.07,0.05,0.02,31428,
benchmark_0351,1.01,0.93,0.05,142128,0.02,0.01,0.00,4496,3.79,3.56,0.15,396108,0.07,0.04,0.02,31420,
benchmark_0251,1.11,1.03,0.06,154608,0.02,0.01,0.00,4496,4.03,3.87,0.14,403160,0.07,0.05,0.01,31472,
benchmark_0479,1.04,0.96,0.06,152820,0.02,0.01,0.00,4496,3.71,3.53,0.14,393764,0.07,0.05,0.01,31452,
benchmark_0177,1.18,1.08,0.06,154188,0.02,0.01,0.00,4496,3.76,3.59,0.13,395092,0.06,0.04,0.01,31424,
benchmark_0437,1.13,1.04,0.06,149612,0.01,0.01,0.00,4496,3.88,3.68,0.17,411684,0.06,0.04,0.02,31480,
benchmark_0245,1.09,1.03,0.05,147576,0.02,0.01,0.00,4496,3.79,3.64,0.12,387948,0.06,0.05,0.01,31452,
benchmark_0475,1.01,0.91,0.07,150068,0.02,0.01,0.00,4496,3.70,3.53,0.13,384952,0.06,0.04,0.01,31424,
benchmark_0408,1.08,0.98,0.06,146496,0.02,0.01,0.00,4496,3.78,3.62,0.12,410820,0.07,0.05,0.01,31456,
benchmark_0492,1.01,0.93,0.05,140228,0.01,0.01,0.00,4496,3.97,3.73,0.17,406460,0.07,0.04,0.01,31476,
benchmark_0052,0.94,0.87,0.05,144048,0.01,0.01,0.00,4496,3.92,3.76,0.13,407376,0.07,0.05,0.01,31420,
benchmark_0081,1.15,1.05,0.06,154396,0.01,0.01,0.00,4496,3.78,3.59,0.16,397992,0.06,0.05,0.01,31400,
benchmark_0255,1.26,1.17,0.06,161604,0.02,0.01,0.00,4496,3.84,3.64,0.16,399028,0.06,0.04,0.01,31396,
benchmark_0432,1.08,1.01,0.04,141180,0.02,0.00,0.00,4496,3.77,3.61,0.14,402840,0.07,0.04,0.02,31420,
benchmark_0366,1.10,1.01,0.06,146048,0.02,0.01,0.00,4496,3.86,3.70,0.13,397684,0.06,0.05,0.01,31420,
benchmark_0315,1.00,0.92,0.05,144448,0.02,0.01,0.00,4496,3.94,3.78,0.13,411328,0.07,0.05,0.01,31400,
benchmark_0236,1.02,0.94,0.04,142308,0.01,0.01,0.00,4496,3.90,3.74,0.13,408796,0.07,0.05,0.01,31424,
benchmark_0452,1.04,0.94,0.05,144704,0.01,0.01,0.00,4496,4.05,3.84,0.14,413616,0.07,0.04,0.02,31452,
benchmark_0402,1.10,1.02,0.05,142392,0.01,0.01,0.00,4496,3.77,3.61,0.13,385264,0.07,0.05,0.01,31392,
benchmark_0287,1.01,0.93,0.05,142784,0.01,0.01,0.00,4496,3.88,3.72,0.13,405792,0.07,0.04,0.02,31404,
benchmark_0373,0.99,0.92,0.05,148944,0.01,0.01,0.00,4496,3.91,3.72,0.16,410880,0.10,0.05,0.01,31404,
benchmark_0263,1.21,1.06,0.05,151036,0.02,0.01,0.00,4496,3.65,3.48,0.14,396304,0.07,0.05,0.01,31432,
benchmark_0353,1.07,0.99,0.06,147600,0.02,0.01,0.00,4496,3.67,3.49,0.14,396140,0.06,0.04,0.01,31416,
benchmark_0111,1.00,0.90,0.05,140096,0.02,0.01,0.00,4496,3.67,3.50,0.14,390936,0.07,0.05,0.01,31420,
benchmark_0256,0.99,0.89,0.05,145052,0.02,0.01,0.00,4496,4.05,3.87,0.16,401560,0.07,0.05,0.01,31428,
benchmark_0489,1.04,0.94,0.04,144380,0.02,0.01,0.00,4496,4.13,3.88,0.18,410100,0.07,0.05,0.02,31424,
benchmark_0280,1.11,1.00,0.05,140392,0.02,0.01,0.00,4496,3.95,3.78,0.13,401440,0.07,0.05,0.01,31424,
benchmark_0226,1.21,1.11,0.05,147860,0.02,0.00,0.01,4496,3.79,3.62,0.14,413244,0.07,0.05,0.02,31444,
benchmark_0483,1.07,0.95,0.05,148892,0.01,0.01,0.00,4496,3.94,3.75,0.16,396404,0.07,0.05,0.02,31440,
benchmark_0258,1.01,0.93,0.05,147200,0.01,0.01,0.00,4496,4.02,3.84,0.14,406680,0.08,0.04,0.01,31444,
benchmark_0037,1.06,0.94,0.06,148440,0.01,0.01,0.00,4496,4.12,3.96,0.13,400152,0.07,0.05,0.01,31400,
benchmark_0178,0.95,0.87,0.05,144652,0.01,0.00,0.00,4496,3.90,3.72,0.17,389308,0.07,0.05,0.02,31432,
benchmark_0473,1.14,1.04,0.06,152064,0.01,0.01,0.00,4496,4.09,3.85,0.15,401124,0.07,0.05,0.01,31452,
benchmark_0090,1.12,1.04,0.05,149904,0.02,0.01,0.00,4496,3.79,3.61,0.14,416684,0.07,0.04,0.02,31472,
benchmark_0264,1.19,1.11,0.05,147628,0.02,0.01,0.00,4496,3.64,3.46,0.14,422532,0.07,0.04,0.02,31424,
benchmark_0054,1.19,1.11,0.06,161528,0.02,0.01,0.01,4496,3.86,3.65,0.17,418356,0.07,0.04,0.02,31420,
benchmark_0135,1.07,0.97,0.04,143096,0.01,0.01,0.00,4496,3.87,3.69,0.15,393156,0.07,0.05,0.01,31424,
benchmark_0238,1.07,0.99,0.06,141968,0.02,0.01,0.00,4496,3.88,3.69,0.15,415244,0.07,0.04,0.01,31452,
benchmark_0381,1.04,0.96,0.06,146132,0.01,0.01,0.00,4496,3.78,3.61,0.13,387080,0.07,0.04,0.02,31416,
benchmark_0224,1.03,0.93,0.06,151700,0.01,0.01,0.00,4496,3.71,3.52,0.15,399684,0.07,0.05,0.01,31424,
benchmark_0094,1.09,1.00,0.05,142896,0.01,0.01,0.00,4496,3.84,3.66,0.14,391700,0.07,0.05,0.02,31420,
benchmark_0143,1.11,1.04,0.04,146712,0.02,0.01,0.00,4496,4.16,3.97,0.16,411380,0.06,0.04,0.01,31448,
benchmark_0207,1.10,1.02,0.06,146436,0.02,0.01,0.00,4496,3.89,3.72,0.14,411172,0.07,0.05,0.01,31452,
benchmark_0465,1.12,0.99,0.06,152180,0.01,0.01,0.00,4496,3.85,3.62,0.14,395920,0.07,0.03,0.03,31428,
benchmark_0298,1.07,0.99,0.05,141724,0.01,0.01,0.00,4496,3.63,3.46,0.14,397904,,,,,
