,bass,,,,cvc5,,,,ostrich,,,,z3-noodler
filename,real,user,sys,mem,real,user,sys,mem,real,user,sys,mem,real,user,sys,mem
benchmark_0249,1.10,1.03,0.06,143760,,,,,12.49,12.19,0.26,722344,0.09,0.06,0.01,31324,
benchmark_0450,1.15,1.06,0.05,139796,,,,,12.22,11.91,0.25,706524,0.09,0.06,0.02,31380,
benchmark_0040,1.11,1.04,0.05,140700,,,,,12.56,12.13,0.28,724184,0.09,0.06,0.01,31396,
benchmark_0203,1.14,1.07,0.06,142440,,,,,12.24,11.71,0.25,720364,0.09,0.06,0.01,31388,
benchmark_0363,1.20,1.12,0.05,153428,,,,,11.91,11.53,0.33,711600,0.09,0.06,0.01,31376,
benchmark_0101,1.15,1.06,0.06,144444,,,,,12.54,12.15,0.26,726596,0.09,0.05,0.02,31412,
benchmark_0422,1.15,1.07,0.06,151476,,,,,7.60,7.33,0.23,681696,0.08,0.05,0.01,31348,
benchmark_0299,1.17,1.09,0.05,140092,,,,,12.28,11.77,0.26,715496,0.08,0.05,0.01,31352,
benchmark_0044,1.26,1.17,0.05,152944,,,,,12.55,12.21,0.25,708412,0.09,0.05,0.02,31308,
benchmark_0482,1.15,1.06,0.05,142884,,,,,11.96,11.64,0.24,717116,0.09,0.05,0.02,31304,
benchmark_0306,1.15,1.08,0.05,147436,,,,,11.79,11.38,0.29,726856,0.13,0.05,0.02,31408,
benchmark_0050,1.14,1.06,0.06,147968,,,,,11.82,11.42,0.26,706392,0.08,0.06,0.01,31396,
benchmark_0091,1.16,1.08,0.05,146056,,,,,11.89,11.52,0.28,708072,0.10,0.05,0.02,31272,
benchmark_0257,1.09,1.02,0.05,148056,,,,,12.24,11.77,0.25,716532,0.11,0.05,0.02,31368,
benchmark_0042,1.12,1.05,0.05,144192,,,,,12.24,11.93,0.26,715280,0.11,0.06,0.01,31340,
benchmark_0089,1.15,1.08,0.04,142532,,,,,12.34,11.98,0.31,711712,0.11,0.05,0.02,31360,
benchmark_0066,1.37,1.26,0.09,141420,,,,,11.73,11.45,0.23,715568,0.10,0.05,0.02,31316,
benchmark_0230,1.36,1.24,0.09,137056,,,,,11.95,11.67,0.24,706680,0.10,0.06,0.02,31380,
benchmark_0103,1.40,1.28,0.10,147028,,,,,12.34,11.85,0.31,717992,0.10,0.05,0.02,31392,
benchmark_0176,1.36,1.24,0.09,136956,,,,,12.57,11.89,0.28,704460,0.09,0.05,0.02,31420,
benchmark_0401,1.32,1.20,0.09,133864,,,,,12.39,11.72,0.23,716116,0.08,0.05,0.02,31376,
benchmark_0172,1.35,1.23,0.08,134980,,,,,12.39,12.07,0.25,721920,0.08,0.05,0.02,31400,
benchmark_0341,1.42,1.24,0.10,146580,,,,,12.44,12.14,0.23,734576,0.09,0.06,0.02,31280,
benchmark_0392,1.40,1.27,0.10,144132,,,,,17.75,17.36,0.28,717724,0.10,0.06,0.01,31304,
benchmark_0030,1.33,1.21,0.09,136444,,,,,8.79,8.48,0.22,680204,0.09,0.05,0.02,31356,
benchmark_0359,1.48,1.32,0.10,144632,,,,,11.90,11.57,0.24,711200,0.10,0.06,0.01,31352,
benchmark_0175,1.41,1.29,0.10,147216,,,,,17.02,16.66,0.26,705352,0.10,0.06,0.01,31472,
benchmark_0415,1.33,1.21,0.09,138148,,,,,12.47,12.14,0.26,722992,0.10,0.06,0.01,31428,
benchmark_0491,1.46,1.32,0.10,148976,,,,,12.51,12.16,0.25,706572,0.09,0.05,0.02,31480,
benchmark_0227,1.37,1.25,0.08,133796,,,,,12.46,12.12,0.24,705900,0.10,0.06,0.02,31408,
benchmark_0282,1.39,1.26,0.10,145200,,,,,12.33,11.99,0.25,709256,0.11,0.06,0.02,31428,
benchmark_0319,1.29,1.17,0.09,134744,,,,,12.25,11.88,0.28,717280,0.13,0.06,0.02,31412,
benchmark_0164,1.34,1.23,0.08,134748,,,,,20.79,20.42,0.30,724800,0.09,0.06,0.01,31356,
benchmark_0445,1.28,1.16,0.10,133820,,,,,12.54,12.15,0.29,708184,0.08,0.06,0.02,31272,
benchmark_0167,1.37,1.24,0.09,152704,,,,,12.32,12.01,0.27,715100,0.08,0.05,0.02,31368,
benchmark_0343,1.43,1.31,0.09,146844,,,,,12.52,12.24,0.24,711480,0.07,0.05,0.01,31400,
benchmark_0457,1.42,1.32,0.09,147488,,,,,12.10,11.73,0.27,726576,0.08,0.06,0.02,31432,
benchmark_0179,1.42,1.30,0.09,146432,,,,,8.54,8.18,0.21,681108,0.08,0.06,0.01,31352,
benchmark_0467,1.44,1.30,0.10,147580,,,,,12.33,12.01,0.26,714548,0.08,0.06,0.02,31356,
benchmark_0454,1.39,1.27,0.09,145116,,,,,12.27,11.94,0.28,717404,0.08,0.05,0.02,31448,
benchmark_0161,1.35,1.21,0.09,134772,,,,,17.34,17.01,0.27,719544,0.08,0.06,0.01,31344,
benchmark_0106,1.31,1.19,0.09,134052,,,,,17.83,17.49,0.26,714148,0.08,0.06,0.01,31360,
benchmark_0021,1.41,1.27,0.10,142760,,,,,12.48,12.18,0.25,734164,0.08,0.05,0.02,31380,
benchmark_0156,1.40,1.27,0.08,146364,,,,,12.56,12.27,0.24,714848,0.08,0.05,0.02,31360,
benchmark_0399,1.44,1.33,0.09,144924,,,,,12.29,11.97,0.28,701772,0.08,0.05,0.02,31360,
benchmark_0307,1.42,1.31,0.08,146816,,,,,12.40,12.08,0.28,723888,0.08,0.05,0.02,31420,
benchmark_0317,1.38,1.26,0.09,146428,,,,,12.26,11.98,0.23,720200,0.08,0.05,0.02,31360,
benchmark_0155,1.39,1.28,0.09,146048,,,,,12.29,11.99,0.25,707260,0.07,0.04,0.02,31252,
benchmark_0423,1.28,1.16,0.09,134180,,,,,12.07,11.81,0.22,707256,0.08,0.06,0.01,31428,
benchmark_0364,1.37,1.26,0.08,136360,,,,,12.07,11.76,0.27,721196,0.09,0.05,0.02,31404,
benchmark_0334,1.36,1.23,0.10,140416,,,,,20.52,20.14,0.32,721540,0.10,0.05,0.01,31268,
benchmark_0497,1.34,1.23,0.09,140644,,,,,11.88,11.57,0.25,716808,0.09,0.06,0.02,31396,
benchmark_0192,1.36,1.23,0.09,132924,,,,,12.36,12.00,0.26,718284,0.10,0.05,0.02,31388,
benchmark_0417,1.40,1.28,0.09,146432,,,,,11.98,11.60,0.26,715588,0.10,0.06,0.02,31440,
benchmark_0391,1.36,1.24,0.10,142428,,,,,11.68,11.29,0.27,728672,0.10,0.05,0.02,31392,
benchmark_0006,1.33,1.23,0.08,133360,,,,,11.98,11.66,0.28,710560,0.09,0.05,0.02,31380,
benchmark_0406,1.42,1.32,0.08,146664,,,,,11.94,11.65,0.24,714960,0.09,0.06,0.01,31364,
benchmark_0349,1.33,1.21,0.09,139756,,,,,11.83,11.54,0.24,704944,0.09,0.05,0.02,31360,
benchmark_0486,1.35,1.25,0.08,133872,,,,,12.15,11.88,0.23,708748,0.10,0.06,0.01,31256,
benchmark_0123,1.37,1.25,0.11,144664,,,,,20.56,20.19,0.30,724616,0.09,0.06,0.01,31364,
benchmark_0431,1.44,1.32,0.09,146552,,,,,12.33,11.98,0.28,721280,0.08,0.05,0.01,31356,
benchmark_0024,1.36,1.22,0.10,134548,,,,,8.04,7.77,0.23,680924,0.08,0.05,0.01,31340,
benchmark_0138,1.37,1.25,0.09,136232,,,,,8.71,8.44,0.22,674660,0.09,0.05,0.02,31336,
benchmark_0027,1.44,1.30,0.10,145140,,,,,11.97,11.69,0.24,713920,0.09,0.06,0.01,31368,
benchmark_0247,1.26,1.17,0.06,147440,,,,,12.29,11.87,0.25,724588,0.10,0.05,0.02,31372,
benchmark_0046,1.33,1.24,0.06,151756,,,,,12.02,11.71,0.23,711276,0.09,0.06,0.02,31396,
benchmark_0120,1.17,1.06,0.07,143772,,,,,7.45,7.16,0.21,677572,0.10,0.06,0.01,31344,
benchmark_0193,1.33,1.25,0.06,152372,,,,,12.24,11.96,0.23,718532,0.09,0.06,0.01,31400,
benchmark_0174,1.28,1.21,0.05,144340,,,,,7.71,7.41,0.22,686796,0.09,0.06,0.01,31348,
benchmark_0198,1.27,1.19,0.05,142392,,,,,12.21,11.86,0.26,725340,0.10,0.06,0.02,31472,
benchmark_0036,1.28,1.19,0.06,145628,,,,,11.50,11.17,0.24,724360,0.10,0.05,0.02,31368,
benchmark_0153,1.40,1.31,0.06,150960,,,,,7.28,7.01,0.19,684768,0.09,0.06,0.02,31400,
benchmark_0274,1.39,1.29,0.07,153368,,,,,11.71,11.41,0.22,709644,0.10,0.06,0.02,31268,
benchmark_0093,1.26,1.19,0.06,145636,,,,,11.93,11.57,0.26,713936,0.10,0.05,0.01,31368,
benchmark_0189,1.28,1.18,0.06,144208,,,,,12.46,12.13,0.24,721184,0.09,0.07,0.01,31308,
benchmark_0068,1.30,1.20,0.06,140096,,,,,12.43,12.10,0.26,715460,0.09,0.05,0.02,31336,
benchmark_0012,1.35,1.27,0.07,149872,,,,,12.53,12.24,0.25,726672,0.09,0.06,0.02,31364,
benchmark_0246,1.32,1.24,0.05,144524,,,,,12.51,12.18,0.29,724056,0.09,0.06,0.02,31428,
benchmark_0358,1.30,1.20,0.07,147132,,,,,11.88,11.56,0.26,716856,0.09,0.06,0.01,31344,
benchmark_0039,1.28,1.19,0.07,144088,,,,,12.42,12.12,0.25,718328,0.09,0.06,0.02,31368,
benchmark_0296,1.30,1.22,0.06,152952,,,,,11.93,11.62,0.26,714812,0.09,0.06,0.01,31424,
benchmark_0250,1.22,1.13,0.06,144252,,,,,12.42,12.11,0.26,713092,0.10,0.05,0.02,31408,
benchmark_0074,1.39,1.31,0.05,150140,,,,,12.22,11.89,0.28,715312,0.11,0.06,0.02,31376,
benchmark_0322,1.28,1.20,0.06,146224,,,,,8.90,8.61,0.25,696200,0.09,0.06,0.02,31408,
benchmark_0206,1.33,1.25,0.06,154072,,,,,7.29,7.05,0.20,679216,0.10,0.06,0.02,31340,
benchmark_0328,1.21,1.12,0.05,140376,,,,,18.52,18.19,0.25,716264,0.09,0.06,0.01,31500,
benchmark_0184,1.20,1.10,0.06,141320,,,,,17.84,17.53,0.25,716856,0.09,0.05,0.02,31384,
benchmark_0142,1.26,1.19,0.05,143624,,,,,12.28,11.96,0.27,718928,0.09,0.05,0.02,31428,
benchmark_0049,1.29,1.21,0.06,141060,,,,,12.22,11.94,0.24,711572,0.12,0.06,0.01,31404,
benchmark_0372,1.33,1.25,0.05,154592,,,,,12.18,11.85,0.27,721228,0.11,0.06,0.02,31388,
benchmark_0128,1.25,1.16,0.05,139856,,,,,12.15,11.87,0.23,708320,0.10,0.06,0.02,31344,
benchmark_0347,1.25,1.18,0.05,140324,,,,,11.94,11.63,0.27,712524,0.10,0.05,0.02,31356,
benchmark_0095,1.30,1.22,0.06,147628,,,,,11.88,11.59,0.24,717508,0.09,0.06,0.01,31396,
benchmark_0463,1.35,1.26,0.07,147568,,,,,12.48,12.20,0.24,717708,0.10,0.06,0.02,31384,
benchmark_0010,1.27,1.17,0.06,144760,,,,,11.90,11.63,0.23,696056,0.10,0.06,0.02,31380,
benchmark_0386,1.29,1.20,0.06,156104,,,,,16.59,16.26,0.27,714236,0.10,0.06,0.01,31372,
benchmark_0134,1.26,1.18,0.05,140212,,,,,7.52,7.28,0.21,684908,0.10,0.06,0.02,31368,
benchmark_0025,1.31,1.20,0.05,141168,,,,,12.50,12.18,0.26,714928,0.10,0.06,0.02,31460,
benchmark_0488,1.29,1.17,0.06,140212,,,,,12.49,12.13,0.27,721824,0.10,0.06,0.02,31276,
benchmark_0229,1.27,1.17,0.06,143520,,,,,12.21,11.88,0.28,715904,0.10,0.05,0.02,31380,
benchmark_0033,1.25,1.16,0.06,149764,,,,,12.23,11.70,0.49,714892,0.10,0.05,0.02,31292,
benchmark_0350,1.33,1.23,0.06,148304,,,,,12.35,11.79,0.51,707976,0.10,0.05,0.02,31396,
benchmark_0004,1.24,1.15,0.06,149856,,,,,12.37,11.77,0.54,720660,0.10,0.05,0.02,31356,
benchmark_0304,1.30,1.21,0.05,139940,,,,,12.73,12.14,0.54,699048,0.10,0.06,0.01,31400,
benchmark_0447,1.26,1.18,0.05,144212,,,,,20.86,20.20,0.59,721184,0.10,0.06,0.02,31300,
benchmark_0294,1.28,1.20,0.06,144688,,,,,21.07,20.45,0.55,705160,0.10,0.05,0.02,31400,
benchmark_0345,1.28,1.20,0.05,140596,,,,,12.00,11.60,0.29,708148,0.10,0.06,0.01,31308,
benchmark_0125,1.42,1.26,0.06,151324,,,,,12.55,11.93,0.57,708848,0.08,0.06,0.02,31380,
benchmark_0133,1.28,1.20,0.05,143852,,,,,12.26,11.75,0.46,689708,0.09,0.06,0.02,31296,
benchmark_0171,1.32,1.24,0.05,154052,,,,,12.21,11.63,0.53,706700,0.10,0.06,0.02,31256,
benchmark_0361,1.34,1.25,0.06,152892,,,,,20.73,20.08,0.59,717568,0.10,0.05,0.02,31384,
benchmark_0115,1.30,1.19,0.06,145472,,,,,12.48,11.95,0.48,710332,0.09,0.06,0.01,31380,
benchmark_0311,1.32,1.24,0.06,153832,,,,,12.23,11.91,0.27,715788,0.10,0.06,0.02,31380,
benchmark_0208,1.27,1.15,0.06,140044,,,,,12.38,12.10,0.24,703072,0.09,0.06,0.02,31300,
benchmark_0205,1.26,1.16,0.06,144912,,,,,12.26,11.74,0.48,702332,0.10,0.06,0.02,31308,
benchmark_0102,1.32,1.20,0.07,144236,,,,,21.33,20.61,0.65,716820,0.09,0.06,0.01,31400,
benchmark_0058,1.36,1.27,0.06,152380,,,,,20.68,20.08,0.54,712916,0.09,0.06,0.02,31384,
benchmark_0360,1.28,1.17,0.07,143704,,,,,17.15,16.56,0.54,699624,0.10,0.06,0.02,31484,
benchmark_0370,1.25,1.16,0.06,143152,,,,,12.34,11.81,0.49,704468,0.10,0.06,0.01,31372,
benchmark_0455,1.31,1.24,0.06,154064,,,,,12.15,11.56,0.55,719540,0.09,0.05,0.02,31380,
benchmark_0051,1.30,1.22,0.05,145284,,,,,12.33,11.80,0.49,715136,0.10,0.06,0.02,31420,
benchmark_0122,1.27,1.19,0.05,144024,,,,,12.62,12.06,0.51,696980,0.10,0.06,0.02,31384,
benchmark_0239,1.38,1.30,0.06,154392,,,,,12.41,11.84,0.52,712952,0.10,0.06,0.01,31380,
benchmark_0297,1.31,1.24,0.05,152420,,,,,17.32,17.04,0.23,701780,0.10,0.06,0.02,31336,
benchmark_0270,1.26,1.16,0.05,140404,,,,,18.08,17.47,0.55,711804,0.10,0.06,0.02,31376,
benchmark_0055,1.29,1.20,0.06,144672,,,,,21.33,20.68,0.58,719852,0.10,0.06,0.02,31492,
benchmark_0374,1.28,1.20,0.05,139848,,,,,12.17,11.64,0.49,702828,0.09,0.06,0.01,31348,
benchmark_0088,1.34,1.24,0.06,147020,,,,,12.00,11.47,0.49,707048,0.10,0.06,0.02,31424,
benchmark_0252,1.28,1.18,0.06,143744,,,,,12.32,11.77,0.50,716604,0.08,0.05,0.02,31412,
benchmark_0365,1.25,1.16,0.06,140460,,,,,20.86,20.15,0.64,721104,0.09,0.06,0.01,31424,
benchmark_0377,1.27,1.17,0.05,141172,,,,,12.23,11.68,0.50,703960,0.10,0.05,0.02,31400,
benchmark_0494,1.25,1.17,0.06,142072,,,,,12.17,11.65,0.48,702688,0.09,0.06,0.01,31424,
benchmark_0145,1.29,1.22,0.05,142248,,,,,18.31,17.95,0.27,714300,0.09,0.06,0.02,31348,
benchmark_0188,1.25,1.16,0.05,141800,,,,,12.31,11.96,0.26,710732,0.08,0.05,0.02,31396,
benchmark_0262,1.30,1.21,0.05,146016,,,,,18.53,18.16,0.28,705068,0.10,0.05,0.02,31400,
benchmark_0160,1.27,1.17,0.07,150492,,,,,11.98,11.67,0.27,705444,0.09,0.06,0.02,31392,
benchmark_0204,1.29,1.20,0.05,142476,,,,,11.78,11.46,0.27,714468,0.09,0.06,0.02,31368,
benchmark_0124,1.36,1.27,0.06,153800,,,,,12.05,11.74,0.26,715040,0.09,0.06,0.01,31308,
benchmark_0022,1.30,1.22,0.05,146592,,,,,16.86,16.51,0.30,704752,0.09,0.06,0.01,31300,
benchmark_0407,1.26,1.15,0.05,140960,,,,,11.77,11.49,0.24,716764,0.11,0.06,0.02,31408,
benchmark_0071,1.29,1.18,0.05,143860,,,,,11.77,11.44,0.29,706540,0.09,0.06,0.02,31388,
benchmark_0079,1.28,1.19,0.06,140904,,,,,12.12,11.81,0.26,714460,0.09,0.05,0.02,31300,
benchmark_0087,1.27,1.17,0.06,143008,,,,,11.91,11.62,0.24,714204,0.09,0.06,0.01,31364,
benchmark_0396,1.26,1.19,0.05,139936,,,,,16.44,16.09,0.30,706980,0.10,0.06,0.01,31356,
benchmark_0260,1.31,1.21,0.06,142992,,,,,11.82,11.51,0.27,724800,0.09,0.05,0.02,31352,
benchmark_0371,1.33,1.26,0.04,152748,,,,,11.67,11.38,0.23,706996,0.10,0.06,0.01,31392,
benchmark_0416,1.25,1.17,0.04,143320,,,,,11.92,11.62,0.26,716408,0.10,0.06,0.02,31308,
benchmark_0220,1.15,1.06,0.05,144016,,,,,11.81,11.50,0.26,722016,0.10,0.06,0.02,31464,
benchmark_0435,1.25,1.18,0.05,141440,,,,,11.98,11.69,0.25,700456,0.08,0.06,0.02,31352,
benchmark_0330,1.38,1.28,0.05,150500,,,,,15.43,15.12,0.26,709272,0.09,0.05,0.02,31332,
benchmark_0404,1.27,1.20,0.05,140696,,,,,11.81,11.51,0.26,721796,0.09,0.05,0.02,31320,
benchmark_0421,1.27,1.17,0.07,141464,,,,,11.72,11.43,0.25,714592,0.09,0.06,0.01,31468,
benchmark_0403,1.26,1.16,0.06,144844,,,,,11.86,11.57,0.25,707888,0.09,0.06,0.02,31348,
benchmark_0448,1.36,1.26,0.07,155632,,,,,12.39,12.11,0.23,709568,0.09,0.06,0.01,31404,
benchmark_0150,1.33,1.26,0.06,152628,,,,,15.14,14.86,0.23,705656,0.10,0.06,0.01,31404,
benchmark_0154,1.28,1.18,0.05,141440,,,,,20.77,20.42,0.28,725664,0.10,0.06,0.02,31384,
benchmark_0290,1.28,1.21,0.04,140540,,,,,12.12,11.84,0.24,712860,0.09,0.06,0.02,31436,
benchmark_0086,1.27,1.19,0.04,144172,,,,,12.40,12.08,0.28,709756,0.09,0.06,0.02,31288,
benchmark_0419,1.30,1.21,0.04,148800,,,,,11.80,11.53,0.24,705768,0.09,0.06,0.01,31496,
benchmark_0005,1.45,1.37,0.05,159488,,,,,11.55,11.24,0.26,703984,0.10,0.06,0.01,31352,
benchmark_0368,1.33,1.20,0.08,153636,,,,,17.09,16.77,0.27,717244,0.10,0.06,0.02,31356,
benchmark_0331,1.37,1.28,0.06,153140,,,,,12.07,11.77,0.25,706580,0.09,0.05,0.02,31316,
benchmark_0332,1.25,1.15,0.07,146228,,,,,17.10,16.80,0.25,706584,0.09,0.05,0.02,31408,
benchmark_0214,1.36,1.27,0.06,153916,,,,,12.21,11.92,0.24,710328,0.09,0.05,0.02,31404,
benchmark_0325,1.25,1.15,0.06,143756,,,,,11.89,11.56,0.29,729812,0.10,0.05,0.02,31524,
benchmark_0011,1.24,1.16,0.05,140124,,,,,11.80,11.53,0.23,696108,0.10,0.07,0.00,31372,
benchmark_0498,1.28,1.20,0.05,145428,,,,,11.46,11.17,0.25,721704,0.07,0.06,0.01,31360,
benchmark_0057,1.28,1.21,0.05,142976,,,,,11.80,11.54,0.21,698184,0.08,0.05,0.02,31456,
benchmark_0014,1.28,1.19,0.05,142396,,,,,11.80,11.54,0.22,723020,0.08,0.05,0.02,31388,
benchmark_0413,1.27,1.19,0.06,149976,,,,,20.67,20.30,0.30,716000,0.09,0.05,0.02,31368,
benchmark_0383,1.34,1.25,0.06,154332,,,,,7.46,7.24,0.20,687828,0.07,0.04,0.02,31360,
benchmark_0327,1.27,1.17,0.06,144320,,,,,11.63,11.31,0.28,707872,0.09,0.06,0.01,31372,
benchmark_0314,1.37,1.28,0.06,156056,,,,,12.07,11.79,0.23,722420,0.09,0.05,0.01,31400,
benchmark_0477,1.14,1.07,0.04,142920,,,,,11.80,11.50,0.26,710440,0.09,0.06,0.02,31420,
benchmark_0196,1.29,1.19,0.06,143404,,,,,11.82,11.46,0.32,715224,0.09,0.06,0.02,31432,
benchmark_0085,1.28,1.20,0.05,140252,,,,,15.33,15.01,0.26,704604,0.10,0.06,0.01,31348,
benchmark_0400,1.25,1.18,0.05,141908,,,,,11.77,11.49,0.24,712464,0.09,0.06,0.01,31416,
benchmark_0344,1.33,1.24,0.06,152972,,,,,11.89,11.58,0.25,709476,0.09,0.05,0.02,31344,
benchmark_0114,1.28,1.18,0.06,139600,,,,,11.54,11.25,0.24,713172,0.09,0.06,0.02,31424,
benchmark_0195,1.31,1.21,0.06,144804,,,,,11.64,11.33,0.26,704904,0.09,0.06,0.02,31376,
benchmark_0500,1.34,1.25,0.07,153332,,,,,7.41,7.14,0.24,691760,0.09,0.06,0.01,31360,
benchmark_0180,1.38,1.29,0.07,152956,,,,,11.81,11.52,0.25,713988,0.10,0.06,0.02,31404,
benchmark_0283,1.29,1.19,0.07,141680,,,,,11.62,11.31,0.23,720880,0.09,0.05,0.02,31336,
benchmark_0468,1.20,1.13,0.05,149672,,,,,11.84,11.54,0.22,718384,0.09,0.05,0.02,31420,
benchmark_0305,1.33,1.24,0.06,154020,,,,,11.54,11.26,0.24,720072,0.10,0.06,0.02,31356,
benchmark_0320,1.25,1.17,0.05,141008,,,,,11.81,11.52,0.25,699408,0.10,0.05,0.02,31364,
benchmark_0474,1.24,1.15,0.05,151376,,,,,11.42,11.16,0.21,712740,0.08,0.06,0.01,31276,
benchmark_0141,1.30,1.22,0.06,154328,,,,,16.56,16.25,0.24,695796,0.10,0.06,0.02,31348,
benchmark_0254,1.26,1.18,0.06,148436,,,,,12.12,11.77,0.26,724260,0.09,0.06,0.02,31284,
benchmark_0272,1.18,1.11,0.05,153904,,,,,11.65,11.32,0.26,722192,0.09,0.05,0.02,31356,
benchmark_0080,1.21,1.14,0.04,144748,,,,,11.61,11.30,0.24,707016,0.09,0.05,0.02,31364,
benchmark_0031,1.27,1.19,0.05,140260,,,,,11.94,11.58,0.27,706800,0.09,0.06,0.01,31336,
benchmark_0168,1.22,1.13,0.05,144948,,,,,11.94,11.63,0.24,700780,0.10,0.05,0.02,31352,
benchmark_0072,1.25,1.18,0.05,140600,,,,,11.78,11.42,0.29,715620,0.09,0.06,0.01,31384,
benchmark_0440,1.24,1.15,0.06,141504,,,,,11.70,11.36,0.25,724528,0.08,0.06,0.01,31328,
benchmark_0163,1.33,1.19,0.05,140632,,,,,8.45,8.07,0.22,680484,0.10,0.06,0.01,31344,
benchmark_0070,1.21,1.13,0.06,142684,,,,,11.93,11.47,0.24,727596,0.09,0.06,0.02,31368,
benchmark_0398,1.22,1.14,0.05,140428,,,,,12.08,11.78,0.23,708052,0.09,0.06,0.01,31448,
benchmark_0213,1.33,1.25,0.05,154144,,,,,11.71,11.38,0.23,704720,0.09,0.05,0.02,31396,
benchmark_0493,1.23,1.15,0.05,140432,,,,,12.08,11.43,0.25,718052,0.10,0.06,0.02,31356,
benchmark_0393,1.34,1.25,0.06,152500,,,,,11.69,11.33,0.26,706512,0.10,0.06,0.01,31352,
benchmark_0013,1.35,1.26,0.05,147232,,,,,11.66,11.33,0.23,712148,0.09,0.06,0.02,31324,
benchmark_0464,1.24,1.16,0.05,140824,,,,,12.52,11.22,0.26,702032,0.09,0.06,0.02,31500,
benchmark_0003,1.29,1.22,0.04,141084,,,,,7.50,6.65,0.22,680716,0.09,0.06,0.01,31340,
benchmark_0275,1.27,1.17,0.05,139884,,,,,11.93,11.55,0.26,720864,0.10,0.06,0.02,31368,
benchmark_0129,1.23,1.16,0.05,141356,,,,,12.04,11.67,0.27,718232,0.09,0.05,0.02,31368,
benchmark_0309,1.28,1.18,0.06,140132,,,,,20.47,20.09,0.28,730540,0.09,0.05,0.02,31328,
benchmark_0436,1.22,1.14,0.06,145988,,,,,18.55,18.15,0.29,701328,0.08,0.05,0.02,31340,
benchmark_0248,1.35,1.26,0.06,152436,,,,,8.48,8.18,0.20,681032,0.09,0.05,0.01,31332,
benchmark_0388,1.40,1.32,0.06,152280,,,,,12.74,11.79,0.25,705340,0.09,0.05,0.02,31288,
benchmark_0201,1.35,1.25,0.07,150176,,,,,15.04,14.69,0.24,705500,0.09,0.05,0.02,31340,
benchmark_0235,1.22,1.15,0.05,143104,,,,,12.15,11.33,0.26,711396,0.09,0.05,0.02,31304,
benchmark_0499,1.32,1.23,0.06,150512,,,,,,,,,0.08,0.05,0.01,31412,
benchmark_0451,1.25,1.19,0.04,140056,,,,,12.72,12.01,0.28,708308,0.11,0.06,0.01,31284,
benchmark_0378,1.26,1.18,0.05,142752,,,,,9.09,8.28,0.20,678220,0.09,0.05,0.02,31344,
benchmark_0342,1.03,0.95,0.05,143240,,,,,12.09,11.43,0.25,727948,0.10,0.05,0.02,31380,
benchmark_0182,1.37,1.28,0.06,154196,,,,,16.97,16.24,0.25,711968,0.10,0.06,0.02,31400,
benchmark_0083,1.29,1.19,0.06,140428,,,,,11.91,11.29,0.22,720288,0.10,0.05,0.02,31340,
benchmark_0065,1.25,1.17,0.06,144960,,,,,8.19,7.62,0.23,682644,0.09,0.05,0.02,31340,
benchmark_0061,1.18,1.11,0.05,144344,,,,,12.60,11.94,0.24,712844,0.09,0.06,0.01,31364,
benchmark_0225,1.27,1.20,0.06,147232,,,,,18.84,18.35,0.25,702496,0.09,0.05,0.02,31304,
benchmark_0209,1.32,1.22,0.07,146860,,,,,12.25,11.63,0.24,713000,0.09,0.05,0.02,31336,
benchmark_0340,1.38,1.29,0.06,147180,,,,,12.11,11.49,0.25,715608,0.09,0.06,0.01,31408,
benchmark_0312,1.29,1.22,0.05,146988,,,,,12.38,11.68,0.25,714464,0.09,0.05,0.02,31388,
benchmark_0444,1.26,1.18,0.06,148472,,,,,12.27,11.69,0.23,697776,0.09,0.06,0.01,31312,
benchmark_0376,1.30,1.23,0.04,146792,,,,,11.77,11.37,0.24,708292,0.09,0.05,0.02,31332,
benchmark_0140,1.30,1.17,0.05,142352,,,,,12.38,11.76,0.25,732060,0.08,0.05,0.02,31476,
benchmark_0041,1.28,1.20,0.05,145104,,,,,20.69,19.86,0.29,732568,0.09,0.05,0.02,31368,
benchmark_0242,1.30,1.21,0.05,144412,,,,,16.15,15.28,0.29,715196,0.08,0.05,0.01,31388,
benchmark_0221,1.30,1.19,0.07,147348,,,,,11.90,11.49,0.22,703552,0.10,0.05,0.02,31420,
benchmark_0379,1.38,1.27,0.08,151484,,,,,12.93,11.69,0.26,737496,0.10,0.06,0.02,31388,
benchmark_0356,1.33,1.25,0.06,152216,,,,,12.55,11.72,0.23,715416,0.09,0.05,0.02,31364,
benchmark_0434,1.28,1.20,0.06,148632,,,,,7.94,7.28,0.24,680524,0.08,0.05,0.02,31348,
benchmark_0411,1.25,1.17,0.05,140276,,,,,12.48,11.61,0.28,728672,0.09,0.06,0.01,31300,
benchmark_0110,1.36,1.26,0.06,153436,,,,,12.74,12.50,0.20,716416,0.09,0.06,0.02,31336,
benchmark_0277,1.26,1.18,0.05,146380,,,,,12.49,11.40,0.21,716192,0.09,0.06,0.02,31500,
benchmark_0301,1.25,1.17,0.06,148864,,,,,11.87,11.24,0.24,704760,0.10,0.06,0.01,31304,
benchmark_0291,1.30,1.23,0.05,148608,,,,,12.50,11.74,0.22,714272,0.08,0.05,0.02,31272,
benchmark_0446,1.24,1.14,0.05,143060,,,,,12.22,11.47,0.24,716252,0.10,0.06,0.02,31348,
benchmark_0281,1.34,1.24,0.05,154372,,,,,12.26,11.54,0.28,717964,0.09,0.06,0.02,31392,
benchmark_0425,1.28,1.21,0.04,142652,,,,,12.16,11.54,0.24,707204,0.08,0.05,0.02,31340,
benchmark_0443,1.27,1.17,0.05,140500,,,,,12.37,11.66,0.23,727736,0.10,0.06,0.01,31420,
benchmark_0481,1.29,1.21,0.05,140504,,,,,12.70,12.01,0.23,718088,0.08,0.06,0.01,31404,
benchmark_0269,1.27,1.18,0.05,144296,,,,,13.00,12.03,0.25,709820,0.09,0.06,0.02,31336,
benchmark_0132,1.32,1.18,0.06,144792,,,,,12.87,12.14,0.24,708024,0.10,0.05,0.02,31392,
benchmark_0478,1.41,1.32,0.06,150816,,,,,21.74,21.04,0.26,717676,0.09,0.05,0.02,31412,
benchmark_0173,1.37,1.28,0.05,152896,,,,,12.92,12.13,0.30,735840,0.10,0.05,0.02,31380,
benchmark_0023,1.43,1.33,0.07,153116,,,,,13.27,12.38,0.27,715856,0.09,0.06,0.01,31504,
benchmark_0147,1.30,1.23,0.05,150568,,,,,8.41,7.66,0.25,679348,0.09,0.05,0.02,31348,
benchmark_0237,1.23,1.15,0.05,142160,,,,,12.64,11.88,0.23,706332,0.08,0.06,0.01,31392,
benchmark_0414,1.27,1.19,0.05,142680,,,,,13.56,12.73,0.27,715472,0.09,0.05,0.02,31288,
benchmark_0405,1.24,1.17,0.05,143592,,,,,12.44,11.60,0.25,708484,0.09,0.06,0.02,31336,
benchmark_0279,1.12,1.03,0.06,145416,,,,,12.92,12.05,0.25,713244,0.09,0.05,0.02,31372,
benchmark_0338,1.33,1.24,0.05,154296,,,,,13.17,11.67,0.24,724752,0.09,0.06,0.01,31420,
benchmark_0231,1.28,1.21,0.05,143032,,,,,12.19,11.48,0.23,707716,0.09,0.06,0.02,31444,
benchmark_0418,1.19,1.11,0.05,140764,,,,,12.50,11.61,0.26,705548,0.08,0.06,0.02,31360,
benchmark_0127,1.27,1.16,0.06,140264,,,,,,,,,0.08,0.05,0.02,31424,
benchmark_0144,1.34,1.27,0.05,154576,,,,,21.59,20.37,0.28,718152,0.08,0.04,0.02,31404,
benchmark_0324,1.32,1.25,0.05,153040,,,,,12.76,11.66,0.25,709048,0.08,0.06,0.01,31416,
benchmark_0078,1.30,1.21,0.05,145724,,,,,12.81,11.79,0.24,716764,0.08,0.05,0.01,31344,
benchmark_0357,1.34,1.27,0.05,150324,,,,,12.11,11.68,0.24,713928,0.08,0.05,0.02,31336,
benchmark_0045,1.24,1.15,0.05,140656,,,,,12.63,11.79,0.22,707364,0.08,0.05,0.01,31372,
benchmark_0105,1.28,1.20,0.05,143564,,,,,9.32,8.27,0.23,684296,0.09,0.05,0.02,31352,
benchmark_0234,1.28,1.18,0.07,145828,,,,,12.65,11.62,0.26,707208,0.10,0.06,0.01,31376,
benchmark_0329,1.27,1.17,0.06,141240,,,,,18.47,17.45,0.30,710836,0.08,0.05,0.02,31448,
benchmark_0100,1.35,1.27,0.05,152228,,,,,12.14,11.72,0.22,709372,0.09,0.05,0.02,31420,
benchmark_0007,1.29,1.19,0.05,143752,,,,,12.80,11.70,0.23,713108,0.09,0.06,0.02,31376,
benchmark_0348,1.25,1.18,0.05,139712,,,,,12.98,11.71,0.24,722080,0.09,0.05,0.02,31372,
benchmark_0427,1.25,1.17,0.06,145672,,,,,12.24,11.58,0.25,698260,0.08,0.06,0.01,31368,
benchmark_0202,1.31,1.23,0.06,144564,,,,,12.72,11.92,0.27,707272,0.09,0.05,0.02,31304,
benchmark_0148,1.31,1.20,0.07,140560,,,,,11.96,11.55,0.24,711596,0.10,0.05,0.02,31348,
benchmark_0394,1.40,1.30,0.07,152288,,,,,17.04,16.56,0.26,693668,0.08,0.06,0.02,31344,
benchmark_0303,1.26,1.16,0.06,140096,,,,,17.74,16.98,0.33,719948,0.09,0.06,0.02,31480,
benchmark_0458,1.31,1.22,0.06,154472,,,,,12.08,11.62,0.24,711656,0.07,0.05,0.01,31312,
benchmark_0276,1.33,1.24,0.06,152452,,,,,12.33,11.86,0.24,706480,0.10,0.06,0.02,31384,
benchmark_0308,1.30,1.19,0.05,141384,,,,,12.16,11.49,0.24,717544,0.10,0.06,0.01,31356,
benchmark_0295,1.27,1.19,0.06,142388,,,,,16.97,16.47,0.26,711360,0.11,0.06,0.02,31344,
benchmark_0352,1.26,1.19,0.05,149844,,,,,12.73,12.23,0.26,717024,0.10,0.06,0.02,31484,
benchmark_0119,1.25,1.17,0.06,148388,,,,,12.49,11.83,0.26,703664,0.09,0.06,0.02,31252,
benchmark_0211,1.32,1.23,0.07,152664,,,,,11.69,11.24,0.25,701940,0.09,0.05,0.02,31356,
benchmark_0438,1.31,1.24,0.05,140040,,,,,11.40,11.13,0.23,712328,0.07,0.05,0.01,31408,
benchmark_0026,1.28,1.19,0.05,139604,,,,,12.52,11.82,0.25,717752,0.08,0.05,0.02,31284,
benchmark_0210,1.35,1.26,0.06,152184,,,,,12.27,11.54,0.25,704072,0.08,0.05,0.01,31392,
benchmark_0266,1.26,1.18,0.05,142072,,,,,12.35,11.88,0.27,725628,0.10,0.06,0.02,31364,
benchmark_0339,1.26,1.19,0.05,143264,,,,,12.31,11.63,0.26,723024,0.09,0.06,0.01,31292,
benchmark_0077,1.34,1.25,0.06,150768,,,,,11.92,11.52,0.23,706028,0.08,0.06,0.02,31480,
benchmark_0476,1.28,1.19,0.06,148092,,,,,12.03,11.59,0.24,717788,0.09,0.06,0.01,31416,
benchmark_0130,1.27,1.17,0.06,144248,,,,,11.51,11.20,0.26,719424,0.10,0.06,0.02,31300,
benchmark_0433,1.28,1.21,0.06,148988,,,,,12.23,11.61,0.25,719200,0.08,0.06,0.01,31308,
benchmark_0241,1.25,1.16,0.05,140664,,,,,13.30,12.02,0.23,724104,0.09,0.05,0.02,31424,
benchmark_0395,1.33,1.25,0.06,149796,,,,,12.28,11.55,0.26,718744,0.09,0.06,0.01,31416,
benchmark_0410,1.26,1.19,0.04,142836,,,,,12.97,11.91,0.25,718776,0.09,0.05,0.02,31500,
benchmark_0420,1.26,1.18,0.06,143176,,,,,,,,,0.09,0.05,0.02,31344,
benchmark_0223,1.27,1.20,0.04,142088,,,,,12.52,11.80,0.25,706644,0.09,0.05,0.02,31396,
benchmark_0107,1.30,1.21,0.06,147020,,,,,12.27,11.60,0.28,725736,0.08,0.05,0.02,31308,
benchmark_0484,1.30,1.21,0.06,154120,,,,,8.84,8.46,0.24,679300,0.10,0.06,0.02,31356,
benchmark_0409,1.32,1.24,0.06,154028,,,,,,,,,0.08,0.05,0.02,31380,
benchmark_0278,1.30,1.22,0.05,149956,,,,,16.12,15.68,0.25,706792,0.11,0.05,0.02,31360,
benchmark_0067,1.26,1.16,0.06,143260,,,,,12.27,11.63,0.26,715760,0.09,0.07,0.01,31472,
benchmark_0097,1.30,1.18,0.07,147692,,,,,12.39,11.72,0.24,710112,0.09,0.05,0.02,31396,
benchmark_0461,1.29,1.19,0.05,140700,,,,,8.21,7.34,0.20,674692,0.10,0.05,0.02,31388,
benchmark_0244,1.28,1.18,0.07,148792,,,,,12.48,11.81,0.24,717456,0.09,0.05,0.02,31376,
benchmark_0212,1.29,1.19,0.04,145708,,,,,20.47,19.99,0.29,723332,0.14,0.06,0.01,31456,
benchmark_0259,1.33,1.24,0.05,143800,,,,,12.69,12.05,0.23,712636,0.09,0.06,0.02,31480,
benchmark_0116,1.03,0.93,0.05,142012,,,,,16.65,15.98,0.28,719012,0.09,0.05,0.01,31364,
benchmark_0165,1.19,1.12,0.04,140172,,,,,12.04,11.61,0.24,708120,0.09,0.06,0.01,31488,
benchmark_0047,1.27,1.18,0.06,146900,,,,,17.68,17.23,0.24,719616,0.09,0.05,0.02,31404,
benchmark_0181,1.21,1.12,0.06,142684,,,,,11.72,11.32,0.24,711176,0.08,0.06,0.01,31432,
benchmark_0480,1.24,1.15,0.06,141748,,,,,12.53,11.55,0.25,724716,0.10,0.05,0.02,31372,
benchmark_0268,1.22,1.13,0.05,141816,,,,,11.98,11.57,0.24,711420,0.12,0.05,0.02,31372,
benchmark_0265,1.22,1.12,0.05,145176,,,,,12.23,11.60,0.26,721180,0.16,0.06,0.02,31452,
benchmark_0199,1.00,0.92,0.05,142116,,,,,12.39,11.56,0.22,697612,0.10,0.06,0.02,31400,
benchmark_0487,1.27,1.19,0.06,140612,,,,,11.70,11.29,0.25,719564,0.08,0.05,0.02,31388,
benchmark_0200,1.22,1.14,0.05,140564,,,,,11.30,11.02,0.24,719508,0.07,0.05,0.02,31312,
benchmark_0430,1.23,1.15,0.06,140316,,,,,12.51,11.74,0.26,714456,0.09,0.05,0.02,31340,
benchmark_0354,1.34,1.26,0.06,153976,,,,,18.23,17.52,0.25,700936,0.09,0.06,0.01,31284,
benchmark_0449,1.26,1.19,0.05,139828,,,,,12.31,11.75,0.30,711996,0.08,0.05,0.02,31396,
benchmark_0149,1.32,1.22,0.07,153936,,,,,12.73,12.45,0.24,717168,0.09,0.05,0.02,31424,
benchmark_0397,1.20,1.13,0.05,140424,,,,,12.01,11.43,0.25,708788,0.09,0.05,0.02,31400,
benchmark_0017,1.37,1.28,0.07,153240,,,,,11.99,11.53,0.25,714772,0.09,0.06,0.02,31424,
benchmark_0485,1.18,1.10,0.05,142088,,,,,12.21,11.55,0.27,714116,0.10,0.06,0.02,31408,
benchmark_0048,1.31,1.16,0.06,154512,,,,,12.53,11.83,0.26,708124,0.10,0.06,0.01,31388,
benchmark_0104,1.24,1.16,0.05,140448,,,,,12.21,11.74,0.29,719732,0.07,0.04,0.02,31364,
benchmark_0002,1.22,1.14,0.05,145524,,,,,15.54,14.67,0.25,716896,0.09,0.05,0.02,31352,
benchmark_0194,1.25,1.17,0.06,140564,,,,,15.42,14.90,0.24,710900,0.09,0.06,0.01,31444,
benchmark_0495,1.39,1.29,0.06,150708,,,,,,,,,0.08,0.05,0.03,31384,
benchmark_0126,1.24,1.16,0.05,141052,,,,,12.85,12.11,0.27,729616,0.09,0.05,0.02,31344,
benchmark_0288,1.23,1.14,0.05,148684,,,,,12.44,11.96,0.24,722324,0.12,0.05,0.02,31308,
benchmark_0240,1.23,1.15,0.05,152224,,,,,12.10,11.33,0.29,719988,0.10,0.05,0.01,31364,
benchmark_0424,1.21,1.12,0.05,143720,,,,,12.94,11.92,0.23,716924,0.08,0.06,0.01,31332,
benchmark_0032,1.20,1.11,0.06,141880,,,,,12.12,11.56,0.22,710760,0.09,0.05,0.02,31356,
benchmark_0313,1.16,1.09,0.05,140524,,,,,12.17,11.45,0.23,711916,0.12,0.05,0.02,31424,
benchmark_0151,1.31,1.22,0.06,154344,,,,,17.97,17.54,0.24,706624,0.08,0.06,0.02,31360,
benchmark_0197,1.21,1.13,0.06,152188,,,,,11.81,11.39,0.26,705028,0.10,0.06,0.01,31400,
benchmark_0292,1.34,1.24,0.05,154960,,,,,12.94,11.88,0.23,709844,0.12,0.05,0.02,31256,
benchmark_0109,1.24,1.16,0.05,142876,,,,,12.34,11.92,0.27,717732,0.09,0.06,0.02,31460,
benchmark_0169,1.21,1.12,0.05,146644,,,,,,,,,0.10,0.06,0.01,31252,
benchmark_0018,1.29,1.19,0.06,154444,,,,,12.01,11.60,0.23,710160,0.09,0.06,0.02,31380,
benchmark_0389,1.23,1.15,0.04,145840,,,,,16.95,15.98,0.26,709912,0.09,0.06,0.02,31312,
benchmark_0300,1.21,1.13,0.05,144652,,,,,20.55,20.12,0.24,714344,0.10,0.05,0.01,31328,
benchmark_0326,1.33,1.24,0.07,150920,,,,,12.33,11.92,0.25,705344,0.09,0.05,0.02,31356,
benchmark_0232,1.22,1.14,0.06,145904,,,,,12.16,11.52,0.24,714336,0.09,0.05,0.02,31372,
benchmark_0082,1.30,1.19,0.06,147828,,,,,12.90,12.21,0.25,712248,0.09,0.06,0.02,31256,
benchmark_0217,1.28,1.18,0.06,150152,,,,,11.84,11.23,0.23,711944,0.10,0.06,0.01,31384,
benchmark_0267,1.16,1.09,0.05,141924,,,,,12.51,12.04,0.25,709884,0.09,0.06,0.01,31500,
benchmark_0233,1.18,1.09,0.05,143888,,,,,12.41,12.01,0.24,729932,0.10,0.05,0.02,31476,
benchmark_0369,1.28,1.20,0.06,154272,,,,,12.36,11.90,0.29,731352,0.10,0.06,0.02,31392,
benchmark_0271,1.24,1.16,0.05,143784,,,,,12.25,11.79,0.25,716368,0.09,0.05,0.02,31368,
benchmark_0137,1.32,1.22,0.05,153236,,,,,12.32,11.93,0.20,703276,0.09,0.06,0.02,31352,
benchmark_0001,1.22,1.13,0.06,149392,,,,,12.14,11.51,0.25,726468,0.09,0.06,0.02,31356,
benchmark_0335,1.28,1.18,0.05,146572,,,,,11.58,11.18,0.24,707072,0.09,0.06,0.01,31288,
benchmark_0158,1.24,1.12,0.04,144156,,,,,16.94,16.54,0.23,716992,0.13,0.06,0.01,31504,
benchmark_0336,1.28,1.21,0.06,154272,,,,,8.15,7.71,0.22,678916,0.09,0.06,0.01,31332,
benchmark_0387,1.21,1.14,0.05,139976,,,,,12.96,12.12,0.25,714220,0.11,0.06,0.02,31392,
benchmark_0310,1.25,1.17,0.06,140584,,,,,12.11,11.73,0.24,718572,0.10,0.05,0.01,31356,
benchmark_0355,1.29,1.21,0.05,144968,,,,,16.17,15.45,0.30,700708,0.09,0.05,0.02,31388,
benchmark_0462,1.32,1.24,0.06,152812,,,,,6.57,6.35,0.20,680348,0.08,0.05,0.02,31340,
benchmark_0069,1.27,1.17,0.06,140452,,,,,12.18,11.91,0.23,702776,0.08,0.06,0.02,31356,
benchmark_0459,1.23,1.11,0.07,141172,,,,,11.57,11.26,0.26,713244,0.08,0.05,0.02,31380,
benchmark_0183,1.22,1.14,0.06,143208,,,,,11.56,11.26,0.25,708884,0.08,0.06,0.01,31408,
benchmark_0472,1.26,1.16,0.06,140524,,,,,11.75,11.45,0.26,708592,0.08,0.06,0.02,31392,
benchmark_0062,1.23,1.13,0.06,141340,,,,,11.52,11.20,0.28,715940,0.08,0.05,0.02,31392,
benchmark_0261,1.33,1.22,0.06,154232,,,,,11.52,11.27,0.21,714800,0.07,0.05,0.02,31328,
benchmark_0187,1.35,1.25,0.06,152416,,,,,12.07,11.78,0.25,722156,0.08,0.06,0.02,31388,
benchmark_0426,1.35,1.27,0.05,150400,,,,,11.59,11.28,0.27,720740,0.08,0.06,0.01,31312,
benchmark_0092,1.32,1.22,0.06,151912,,,,,12.28,11.94,0.30,701280,0.08,0.06,0.01,31480,
benchmark_0337,1.30,1.20,0.07,151592,,,,,11.32,10.98,0.30,717880,0.08,0.06,0.02,31420,
benchmark_0253,1.22,1.14,0.06,147744,,,,,11.61,11.30,0.27,715496,0.08,0.06,0.01,31300,
benchmark_0034,1.24,1.14,0.07,145040,,,,,11.67,11.30,0.32,708368,0.08,0.06,0.02,31472,
benchmark_0136,1.22,1.12,0.05,140436,,,,,6.65,6.39,0.22,679548,0.08,0.05,0.02,31336,
benchmark_0098,1.25,1.18,0.05,142516,,,,,11.48,11.15,0.28,711040,0.08,0.06,0.02,31300,
benchmark_0020,1.36,1.24,0.07,155060,,,,,11.78,11.46,0.27,711480,0.08,0.06,0.02,31420,
benchmark_0471,1.37,1.26,0.05,155168,,,,,6.63,6.43,0.17,676888,0.08,0.06,0.01,31336,
benchmark_0216,1.21,1.12,0.05,146284,,,,,11.46,11.15,0.26,719224,0.08,0.05,0.02,31424,
benchmark_0099,1.29,1.18,0.06,149032,,,,,7.60,7.37,0.20,685148,0.07,0.05,0.01,31356,
benchmark_0043,1.32,1.22,0.06,153404,,,,,11.97,11.69,0.23,712572,0.08,0.06,0.02,31280,
benchmark_0429,1.20,1.13,0.06,142204,,,,,16.64,16.34,0.25,704564,0.08,0.06,0.01,31416,
benchmark_0469,1.30,1.22,0.04,151476,,,,,6.88,6.64,0.21,674696,0.08,0.05,0.02,31372,
benchmark_0191,1.19,1.11,0.05,140152,,,,,11.68,11.39,0.25,716636,0.08,0.06,0.01,31424,
benchmark_0382,1.13,1.06,0.05,143028,,,,,16.70,16.37,0.27,725556,0.08,0.05,0.02,31408,
benchmark_0075,0.95,0.87,0.04,151540,,,,,11.86,11.54,0.27,716392,0.08,0.05,0.01,31304,
benchmark_0284,1.19,1.11,0.06,147024,,,,,11.56,11.25,0.27,712772,0.08,0.05,0.02,31396,
benchmark_0059,1.17,1.10,0.05,150480,,,,,11.37,11.05,0.28,718504,0.08,0.06,0.01,31432,
benchmark_0289,1.22,1.13,0.06,140804,,,,,11.60,11.29,0.27,706904,0.08,0.05,0.02,31400,
benchmark_0035,1.29,1.18,0.05,145616,,,,,11.33,10.97,0.28,705944,0.07,0.06,0.01,31404,
benchmark_0286,1.24,1.16,0.06,152888,,,,,11.83,11.53,0.26,714756,0.08,0.06,0.02,31432,
benchmark_0108,1.19,1.11,0.05,143248,,,,,6.47,6.25,0.20,677088,0.08,0.05,0.01,31340,
benchmark_0470,1.19,1.10,0.06,150108,,,,,11.91,11.57,0.30,713276,0.08,0.06,0.02,31404,
benchmark_0118,1.11,0.97,0.06,141200,,,,,11.61,11.30,0.26,707624,0.08,0.05,0.02,31496,
benchmark_0016,1.07,1.00,0.04,144416,,,,,6.89,6.65,0.21,680528,0.08,0.07,0.01,31328,
benchmark_0375,1.12,1.05,0.05,153136,,,,,11.65,11.35,0.25,710408,0.07,0.06,0.01,31364,
benchmark_0113,1.14,1.08,0.04,151756,,,,,11.43,11.16,0.23,723096,0.08,0.05,0.02,31428,
benchmark_0152,1.16,1.08,0.04,152040,,,,,11.50,11.21,0.24,705444,0.08,0.06,0.02,31328,
benchmark_0385,1.22,1.14,0.05,146944,,,,,11.66,11.34,0.27,707008,0.08,0.06,0.01,31408,
benchmark_0186,1.26,1.18,0.06,150556,,,,,11.89,11.50,0.26,703088,0.08,0.05,0.02,31328,
benchmark_0380,1.10,1.02,0.05,143084,,,,,11.92,11.64,0.24,718328,0.08,0.05,0.02,31440,
benchmark_0190,1.21,1.14,0.05,144532,,,,,12.03,11.73,0.25,710176,0.08,0.05,0.02,31364,
benchmark_0084,1.24,1.14,0.06,141880,,,,,12.07,11.74,0.29,721828,0.08,0.06,0.01,31380,
benchmark_0008,1.23,1.12,0.07,142360,,,,,11.61,11.28,0.29,719020,0.08,0.05,0.02,31416,
benchmark_0053,1.25,1.15,0.06,143796,,,,,11.44,11.16,0.24,710952,0.08,0.05,0.02,31420,
benchmark_0367,1.22,1.12,0.06,148148,,,,,16.37,16.00,0.31,714652,0.08,0.05,0.02,31364,
benchmark_0441,1.22,1.12,0.06,140660,,,,,11.71,11.40,0.28,718196,0.08,0.06,0.02,31420,
benchmark_0466,1.23,1.15,0.05,140792,,,,,11.72,11.45,0.22,706964,0.08,0.05,0.02,31396,
benchmark_0038,1.23,1.13,0.05,140680,,,,,11.58,11.26,0.27,711468,0.08,0.06,0.01,31400,
benchmark_0490,1.21,1.13,0.06,140412,,,,,11.53,11.25,0.24,717244,0.08,0.06,0.01,31328,
benchmark_0112,1.24,1.16,0.05,140816,,,,,11.54,11.27,0.23,710740,0.08,0.06,0.01,31424,
benchmark_0015,1.25,1.15,0.05,143724,,,,,16.28,15.93,0.30,715848,0.07,0.05,0.01,31404,
benchmark_0162,1.27,1.19,0.06,152816,,,,,11.80,11.51,0.25,715984,0.08,0.06,0.01,31352,
benchmark_0073,1.18,1.09,0.06,142972,,,,,11.55,11.26,0.24,711828,0.08,0.05,0.01,31364,
benchmark_0293,1.26,1.17,0.05,150996,,,,,17.18,16.86,0.27,716324,0.08,0.05,0.02,31400,
benchmark_0428,1.17,1.11,0.05,142472,,,,,6.86,6.62,0.20,680796,0.08,0.05,0.02,31344,
benchmark_0170,1.16,1.07,0.05,141404,,,,,7.10,6.79,0.22,679056,0.08,0.06,0.02,31360,
benchmark_0456,1.22,1.13,0.05,142380,,,,,11.38,11.09,0.25,705580,0.08,0.05,0.02,31388,
benchmark_0159,1.21,1.11,0.05,144608,,,,,11.81,11.54,0.23,712736,0.08,0.05,0.02,31368,
benchmark_0316,1.23,1.15,0.06,156352,,,,,7.18,6.94,0.21,675708,0.07,0.05,0.01,31364,
benchmark_0273,1.16,1.08,0.05,140792,,,,,11.63,11.35,0.24,711708,0.07,0.05,0.01,31296,
benchmark_0096,1.19,1.10,0.05,140928,,,,,11.60,11.25,0.31,711596,0.07,0.05,0.02,31476,
benchmark_0064,1.19,1.05,0.05,141176,,,,,11.69,11.42,0.22,720220,0.08,0.06,0.01,31372,
benchmark_0157,1.20,1.12,0.06,151920,,,,,11.71,11.41,0.26,712272,0.08,0.06,0.01,31268,
benchmark_0453,1.13,1.03,0.04,145224,,,,,12.07,11.78,0.23,725896,0.09,0.05,0.02,31364,
benchmark_0146,1.30,1.21,0.05,160824,,,,,11.58,11.29,0.25,710676,0.08,0.05,0.02,31416,
benchmark_0028,1.22,1.12,0.05,154232,,,,,7.72,7.45,0.24,687116,0.09,0.06,0.01,31344,
benchmark_0166,1.30,1.13,0.06,151328,,,,,16.19,15.89,0.25,705156,0.09,0.05,0.02,31272,
benchmark_0219,1.11,1.03,0.06,147524,,,,,11.64,11.37,0.23,713020,0.08,0.06,0.02,31284,
benchmark_0056,1.16,1.07,0.04,145068,,,,,18.07,17.76,0.26,707064,0.08,0.05,0.02,31368,
benchmark_0243,1.16,1.03,0.05,140436,,,,,11.34,10.98,0.25,715436,0.08,0.06,0.01,31432,
benchmark_0060,1.02,0.87,0.05,143056,,,,,15.67,15.32,0.30,713292,0.07,0.05,0.02,31300,
benchmark_0390,1.19,1.06,0.06,140468,,,,,11.67,11.39,0.23,713116,0.08,0.05,0.02,31300,
benchmark_0222,1.17,1.08,0.05,147932,,,,,16.84,16.54,0.24,702944,0.08,0.06,0.01,31284,
benchmark_0131,1.14,1.05,0.05,142816,,,,,11.47,11.20,0.22,717820,0.07,0.05,0.02,31392,
benchmark_0029,1.35,1.22,0.06,161768,,,,,11.66,11.36,0.26,711744,0.07,0.05,0.02,31248,
benchmark_0009,1.36,1.19,0.05,149936,,,,,15.12,14.83,0.24,703180,0.08,0.06,0.02,31428,
benchmark_0076,1.42,1.20,0.07,142904,,,,,17.16,16.84,0.27,705268,0.08,0.06,0.02,31408,
benchmark_0323,1.35,1.25,0.06,147616,,,,,7.16,6.93,0.20,683948,0.08,0.06,0.02,31360,
benchmark_0019,1.32,1.16,0.04,140544,,,,,6.66,6.41,0.21,679512,0.08,0.05,0.02,31344,
benchmark_0321,1.34,1.19,0.05,147376,,,,,17.31,16.99,0.26,701268,0.09,0.06,0.01,31416,
benchmark_0333,1.25,1.12,0.05,139956,,,,,11.49,11.18,0.26,707904,0.08,0.06,0.02,31388,
benchmark_0412,1.36,1.16,0.06,141440,,,,,11.73,11.41,0.27,726292,0.08,0.06,0.01,31364,
benchmark_0121,1.42,1.25,0.07,153096,,,,,11.61,11.16,0.33,717972,0.07,0.05,0.02,31404,
benchmark_0346,1.01,0.93,0.05,140436,,,,,11.59,11.29,0.25,717912,0.07,0.05,0.01,31368,
benchmark_0384,1.34,1.14,0.06,140484,,,,,8.04,7.80,0.22,692024,0.08,0.06,0.02,31364,
benchmark_0318,1.41,1.21,0.06,145204,,,,,7.31,7.10,0.19,678508,0.08,0.06,0.02,31356,
benchmark_0185,1.37,1.14,0.06,146140,,,,,6.69,6.45,0.21,683532,0.07,0.05,0.01,31372,
benchmark_0285,1.37,1.16,0.06,142888,,,,,11.49,11.18,0.26,716984,0.07,0.06,0.01,31392,
benchmark_0302,1.38,1.15,0.06,139920,,,,,11.98,11.65,0.27,704028,0.08,0.06,0.01,31400,
benchmark_0460,1.40,1.14,0.05,144000,,,,,11.74,11.46,0.24,714120,0.08,0.06,0.01,31384,
benchmark_0139,1.41,1.18,0.06,140184,,,,,11.51,11.12,0.24,716588,0.08,0.05,0.02,31272,
benchmark_0117,1.37,1.18,0.06,140972,,,,,11.66,11.39,0.22,713880,0.07,0.05,0.01,31376,
benchmark_0362,1.02,0.93,0.05,142392,,,,,11.91,11.63,0.24,708648,0.08,0.05,0.02,31424,
benchmark_0442,1.00,0.89,0.04,140284,,,,,11.59,11.29,0.25,705476,0.08,0.06,0.01,31424,
benchmark_0218,1.43,1.18,0.07,143916,,,,,12.40,12.08,0.27,720932,0.07,0.05,0.01,31340,
benchmark_0215,1.37,1.17,0.05,141916,,,,,11.61,11.29,0.27,717044,0.07,0.04,0.02,31372,
benchmark_0496,1.28,1.07,0.06,147048,,,,,18.21,17.87,0.27,711360,0.08,0.06,0.02,31472,
benchmark_0063,1.38,1.17,0.06,152724,,,,,11.79,11.47,0.27,715136,0.08,0.06,0.02,31408,
benchmark_0439,1.50,1.13,0.06,148780,,,,,11.83,11.53,0.26,715796,0.08,0.05,0.01,31428,
benchmark_0228,1.31,1.11,0.05,141636,,,,,11.92,11.60,0.28,715496,0.08,0.05,0.02,31420,
benchmark_0351,1.30,1.07,0.06,142488,,,,,11.52,11.14,0.27,710272,0.08,0.05,0.02,31408,
benchmark_0251,1.50,1.23,0.05,152280,,,,,11.59,11.26,0.29,711244,0.08,0.05,0.02,31320,
benchmark_0479,1.31,1.11,0.05,145632,,,,,11.78,11.49,0.24,705796,0.08,0.05,0.02,31376,
benchmark_0177,1.20,1.07,0.05,140132,,,,,12.17,11.87,0.25,709776,0.09,0.05,0.02,31404,
benchmark_0437,1.29,1.14,0.06,152200,,,,,11.96,11.65,0.25,710408,0.08,0.06,0.01,31396,
benchmark_0245,1.40,1.24,0.06,161644,,,,,7.24,6.99,0.23,679472,0.08,0.06,0.01,31360,
benchmark_0475,1.21,1.09,0.05,141152,,,,,17.94,17.65,0.24,718672,0.08,0.05,0.02,31440,
benchmark_0408,1.22,1.07,0.05,140288,,,,,11.94,11.62,0.28,706544,0.08,0.05,0.02,31400,
benchmark_0492,1.57,1.29,0.06,146780,,,,,17.13,16.85,0.23,698360,0.07,0.05,0.01,31312,
benchmark_0052,1.45,1.19,0.05,140496,,,,,15.85,15.56,0.24,712428,0.08,0.06,0.01,31436,
benchmark_0081,1.48,1.20,0.06,143536,,,,,11.67,11.41,0.22,707224,0.08,0.05,0.02,31488,
benchmark_0255,1.33,1.16,0.06,146640,,,,,11.96,11.67,0.24,719096,0.08,0.05,0.02,31300,
benchmark_0432,1.05,0.95,0.05,144308,,,,,11.74,11.40,0.30,703440,0.08,0.06,0.02,31376,
benchmark_0366,1.20,1.06,0.05,154340,,,,,11.67,11.34,0.29,712268,0.08,0.05,0.01,31296,
benchmark_0315,1.15,0.99,0.05,139740,,,,,11.84,11.40,0.33,713340,0.07,0.05,0.02,31420,
benchmark_0236,1.18,0.98,0.05,141288,,,,,11.72,11.42,0.26,712028,0.08,0.06,0.02,31268,
benchmark_0452,1.13,1.00,0.05,154136,,,,,11.62,11.23,0.34,700336,0.08,0.06,0.01,31280,
benchmark_0402,1.31,1.00,0.06,152076,,,,,11.87,11.56,0.27,713584,0.08,0.05,0.02,31480,
benchmark_0287,1.55,1.25,0.06,154404,,,,,11.75,11.44,0.26,714784,0.08,0.05,0.02,31340,
benchmark_0373,1.26,1.11,0.05,145380,,,,,11.76,11.47,0.24,718428,0.08,0.06,0.02,31356,
benchmark_0263,1.42,1.19,0.06,146424,,,,,11.62,11.33,0.24,710740,0.08,0.05,0.02,31444,
benchmark_0353,1.44,1.19,0.06,140520,,,,,11.56,11.30,0.21,705468,0.08,0.06,0.01,31472,
benchmark_0111,1.46,1.19,0.06,140768,,,,,20.86,20.52,0.28,719112,0.08,0.05,0.02,31416,
benchmark_0256,1.48,1.20,0.05,140876,,,,,11.45,11.13,0.28,719124,0.06,0.05,0.01,31428,
benchmark_0489,1.44,1.18,0.06,148156,,,,,11.92,11.63,0.24,716856,0.08,0.06,0.02,31480,
benchmark_0280,1.49,1.23,0.06,153984,,,,,11.69,11.39,0.26,707668,0.08,0.06,0.02,31376,
benchmark_0226,1.48,1.24,0.07,152636,,,,,11.55,11.25,0.25,707244,0.07,0.05,0.01,31356,
benchmark_0483,1.49,1.22,0.06,146680,,,,,15.01,14.70,0.27,703912,0.07,0.05,0.01,31380,
benchmark_0258,1.49,1.18,0.06,144744,,,,,11.67,11.27,0.29,711984,0.08,0.06,0.01,31348,
benchmark_0037,1.52,1.29,0.06,154164,,,,,11.38,11.04,0.29,704260,0.08,0.05,0.02,31436,
benchmark_0178,1.48,1.21,0.07,147732,,,,,12.01,11.71,0.26,720236,0.08,0.05,0.02,31420,
benchmark_0473,1.46,1.22,0.05,143328,,,,,11.66,11.37,0.26,715556,0.07,0.06,0.01,31388,
benchmark_0090,1.54,1.30,0.06,154156,,,,,11.66,11.39,0.23,706956,0.08,0.05,0.02,31276,
benchmark_0264,1.41,1.19,0.05,145408,,,,,11.79,11.40,0.35,705720,0.08,0.05,0.02,31304,
benchmark_0054,1.48,1.22,0.05,141428,,,,,12.19,11.90,0.25,711708,0.08,0.06,0.01,31328,
benchmark_0135,1.42,1.16,0.06,144544,,,,,6.89,6.65,0.20,682940,0.08,0.06,0.01,31320,
benchmark_0238,1.55,1.28,0.07,154496,,,,,15.13,14.79,0.26,710788,0.08,0.06,0.01,31372,
benchmark_0381,1.48,1.21,0.05,144060,,,,,12.41,12.12,0.25,730644,0.08,0.06,0.02,31348,
benchmark_0224,1.41,1.17,0.06,154152,,,,,11.83,11.54,0.25,712136,0.08,0.06,0.01,31364,
benchmark_0094,1.34,1.11,0.05,144576,,,,,11.89,11.54,0.29,707188,0.08,0.06,0.02,31432,
benchmark_0143,1.10,1.02,0.06,147948,,,,,11.71,11.41,0.25,706104,0.08,0.05,0.02,31340,
benchmark_0207,1.22,1.04,0.06,144152,,,,,15.78,15.48,0.24,703532,0.08,0.06,0.01,31424,
benchmark_0465,1.29,1.11,0.05,145768,,,,,16.43,16.10,0.27,713016,0.08,0.06,0.01,31348,
benchmark_0298,1.28,1.10,0.06,149072,,,,,12.19,11.51,0.25,707836,0.09,0.05,0.02,31480,
