,bass,,,,cvc5,,,,ostrich,,,,z3-noodler
filename,real,user,sys,mem,real,user,sys,mem,real,user,sys,mem,real,user,sys,mem
01_track_1,0.47,0.42,0.03,63788,0.01,0.01,0.00,4476,2.56,1.34,0.10,185312,0.59,0.04,0.01,24444,
01_track_10,,,,,0.01,0.01,0.00,4476,23.28,21.80,0.34,735544,0.63,0.05,0.02,28548,
01_track_100,,,,,0.01,0.01,0.00,4476,9.08,7.68,0.27,683060,0.62,0.05,0.02,28088,
01_track_101,,,,,0.02,0.01,0.00,4476,,,,,0.45,0.04,0.03,28160,
01_track_102,0.97,0.89,0.05,131248,0.01,0.01,0.00,4476,2.64,1.65,0.11,216892,0.44,0.04,0.02,27308,
01_track_103,,,,,0.01,0.01,0.00,4476,22.00,20.76,0.33,743024,0.06,0.04,0.01,24484,
01_track_104,0.95,0.87,0.05,132308,0.02,0.01,0.00,4476,3.74,2.94,0.13,296912,0.06,0.03,0.02,27716,
01_track_105,,,,,0.01,0.01,0.00,4476,30.24,29.18,0.43,749592,0.05,0.03,0.01,24460,
01_track_106,55.46,53.09,2.23,2921588,0.01,0.01,0.00,4476,2.88,2.40,0.10,244088,0.07,0.04,0.01,28108,
01_track_107,6.51,6.03,0.43,1053792,0.02,0.01,0.00,4476,18.87,18.10,0.33,769236,0.05,0.04,0.00,24480,
01_track_108,,,,,0.01,0.01,0.00,4476,1.78,1.68,0.08,212028,0.05,0.03,0.01,24468,
01_track_109,,,,,0.01,0.00,0.00,4476,42.95,42.36,0.47,782424,0.09,0.06,0.02,32196,
01_track_11,0.96,0.88,0.05,123800,0.02,0.01,0.00,4476,3.30,3.18,0.10,238340,0.05,0.03,0.01,27844,
01_track_110,106.36,74.39,20.27,30573740,0.02,0.01,0.00,4476,,,,,0.06,0.04,0.01,28124,
01_track_111,,,,,0.02,0.01,0.00,4476,56.18,55.55,0.48,819324,0.08,0.05,0.02,29772,
01_track_112,0.43,0.37,0.03,63956,0.01,0.01,0.00,4476,2.04,1.94,0.08,223268,0.08,0.03,0.01,24464,
01_track_113,,,,,0.02,0.01,0.00,4476,4.28,4.10,0.15,319792,0.06,0.05,0.00,28108,
01_track_114,21.93,20.19,1.63,2497420,0.01,0.00,0.00,4476,15.93,15.57,0.30,739768,0.05,0.03,0.01,24484,
01_track_115,0.56,0.50,0.03,68780,0.01,0.01,0.00,4476,2.65,2.54,0.10,228084,0.06,0.04,0.01,27708,
01_track_116,1.65,1.55,0.07,284252,0.02,0.01,0.00,4476,3.38,3.25,0.11,272144,0.06,0.04,0.01,27900,
01_track_117,,,,,0.01,0.01,0.00,4476,48.64,47.70,0.81,793184,0.06,0.04,0.01,27912,
01_track_118,,,,,0.02,0.01,0.00,4476,26.69,26.00,0.61,752704,0.05,0.03,0.01,24476,
01_track_119,0.52,0.46,0.04,59568,0.02,0.01,0.00,4476,4.05,3.91,0.12,260000,0.05,0.03,0.01,24448,
01_track_12,,,,,0.02,0.01,0.00,4476,10.96,10.51,0.41,718336,0.05,0.03,0.01,24488,
01_track_120,80.48,72.50,5.55,6528528,0.02,0.01,0.00,4476,7.31,6.89,0.40,717656,0.07,0.05,0.01,28176,
01_track_121,1.96,1.75,0.17,264028,0.02,0.01,0.00,4476,1.72,1.59,0.12,206812,0.05,0.03,0.01,24464,
01_track_122,,,,,0.02,0.01,0.00,4476,76.81,76.11,0.49,831876,0.07,0.05,0.02,28512,
01_track_123,,,,,0.02,0.01,0.00,4476,3.91,3.77,0.11,273680,0.07,0.04,0.01,28384,
01_track_124,18.11,14.50,1.43,1707480,0.02,0.01,0.00,4476,37.34,36.88,0.36,799928,0.05,0.03,0.01,24480,
01_track_125,,,,,0.02,0.01,0.00,4476,11.69,11.31,0.33,717760,0.06,0.04,0.01,27956,
01_track_126,8.19,7.52,0.54,677716,0.02,0.01,0.00,4476,3.73,3.57,0.13,298520,0.06,0.04,0.01,27936,
01_track_127,10.11,9.57,0.48,736520,0.02,0.01,0.00,4476,23.86,23.33,0.47,738508,0.05,0.04,0.01,24464,
01_track_128,0.52,0.45,0.04,63612,0.02,0.01,0.00,4476,1.36,1.28,0.07,185388,0.05,0.03,0.01,24444,
01_track_129,0.52,0.43,0.05,62552,0.02,0.01,0.00,4476,1.43,1.35,0.06,186472,0.05,0.03,0.01,24444,
01_track_13,0.75,0.69,0.04,84256,0.02,0.01,0.00,4476,2.84,2.69,0.12,254220,0.05,0.03,0.01,24468,
01_track_130,0.57,0.52,0.04,68204,0.02,0.01,0.00,4476,1.65,1.55,0.09,212044,0.05,0.03,0.01,24452,
01_track_131,96.05,77.43,17.16,30582600,0.02,0.01,0.00,4476,59.01,58.44,0.42,776052,0.07,0.05,0.01,28196,
01_track_132,43.55,40.94,2.48,4670568,0.02,0.01,0.00,4476,101.90,100.63,1.01,899876,0.06,0.04,0.01,28048,
01_track_133,,,,,0.02,0.01,0.00,4476,2.86,2.71,0.13,256172,0.07,0.05,0.01,28304,
01_track_134,,,,,0.02,0.01,0.01,4476,48.01,47.48,0.40,788588,0.05,0.03,0.01,24492,
01_track_135,,,,,0.02,0.01,0.00,4476,5.24,5.00,0.21,328784,0.28,0.15,0.03,57848,
01_track_136,,,,,0.02,0.00,0.00,4476,9.81,9.50,0.27,718168,0.05,0.03,0.01,24456,
01_track_137,70.04,54.68,15.17,30579520,0.02,0.01,0.00,4476,97.82,97.07,0.49,786612,0.06,0.04,0.01,27928,
01_track_138,0.71,0.64,0.05,80004,0.02,0.00,0.00,4476,2.92,2.79,0.10,268612,0.06,0.04,0.01,27752,
01_track_139,,,,,0.02,0.01,0.00,4476,5.71,5.40,0.27,557416,0.08,0.04,0.01,28016,
01_track_14,0.50,0.42,0.05,66288,0.02,0.01,0.00,4476,1.61,1.48,0.12,203960,0.05,0.04,0.01,27304,
01_track_140,0.44,0.38,0.03,64136,0.02,0.01,0.00,4476,2.29,2.12,0.15,232816,0.06,0.05,0.01,27900,
01_track_141,0.51,0.44,0.05,63912,0.02,0.01,0.00,4476,1.96,1.86,0.09,217204,0.06,0.04,0.01,27648,
01_track_142,,,,,0.02,0.01,0.00,4476,20.86,20.32,0.48,758600,0.05,0.04,0.00,24468,
01_track_143,,,,,0.02,0.01,0.00,4476,10.47,10.10,0.32,708440,0.10,0.04,0.01,28048,
01_track_144,1.06,0.94,0.09,134632,0.02,0.01,0.00,4476,21.61,20.96,0.58,729336,0.05,0.03,0.01,24468,
01_track_145,0.46,0.40,0.04,57000,0.02,0.01,0.00,4476,1.85,1.74,0.09,212964,0.06,0.04,0.01,27544,
01_track_146,0.50,0.43,0.05,58484,0.02,0.01,0.00,4476,1.62,1.52,0.09,209892,0.05,0.04,0.01,24452,
01_track_147,0.70,0.63,0.05,81396,0.02,0.01,0.00,4476,3.14,3.00,0.12,264088,0.08,0.04,0.01,27772,
01_track_148,,,,,0.02,0.01,0.00,4476,68.92,67.89,0.84,774260,0.08,0.05,0.01,27744,
01_track_149,0.52,0.44,0.04,58840,0.01,0.01,0.00,4476,4.60,4.43,0.13,290064,0.05,0.03,0.02,27824,
01_track_15,,,,,0.01,0.01,0.00,4476,29.43,28.96,0.38,751284,0.06,0.04,0.01,27716,
01_track_150,,,,,0.02,0.01,0.00,4476,2.02,1.88,0.11,211928,0.06,0.03,0.02,27596,
01_track_151,7.73,7.14,0.55,1064036,0.02,0.00,0.00,4476,5.05,4.83,0.20,570060,0.06,0.04,0.01,27792,
01_track_152,46.45,39.67,4.97,4426312,0.01,0.00,0.00,4476,1.79,1.64,0.14,204100,0.05,0.03,0.01,24472,
01_track_153,1.89,1.71,0.14,294996,0.02,0.01,0.00,4476,3.73,3.60,0.10,295068,0.06,0.04,0.01,27780,
01_track_154,0.51,0.45,0.04,65148,0.02,0.01,0.00,4476,1.82,1.69,0.12,202844,0.05,0.03,0.01,27160,
01_track_155,86.59,46.93,25.76,28765020,0.02,0.01,0.00,4476,9.23,8.94,0.26,701616,0.05,0.03,0.01,24456,
01_track_156,30.15,27.16,2.23,2425784,0.02,0.01,0.00,4476,7.99,7.63,0.33,697100,0.06,0.04,0.01,27896,
01_track_157,,,,,0.02,0.01,0.00,4476,21.78,21.40,0.31,728016,0.05,0.03,0.01,24484,
01_track_158,52.31,30.21,12.67,18394968,0.02,0.01,0.00,4476,2.46,2.33,0.10,258716,0.06,0.04,0.01,27616,
01_track_159,,,,,0.02,0.01,0.00,4476,,,,,0.06,0.04,0.01,28140,
01_track_16,83.91,48.29,20.84,30568196,0.02,0.01,0.00,4476,5.13,4.92,0.19,335368,0.07,0.04,0.02,28596,
01_track_160,0.66,0.58,0.05,81500,0.02,0.01,0.00,4476,1.82,1.71,0.10,207236,0.05,0.03,0.01,24464,
01_track_161,,,,,0.02,0.01,0.00,4476,,,,,0.06,0.04,0.01,27964,
01_track_162,64.59,40.85,19.75,30563860,0.02,0.01,0.00,4476,3.78,3.60,0.17,269228,0.06,0.04,0.01,27932,
01_track_163,0.60,0.53,0.05,67628,0.02,0.01,0.00,4476,3.66,3.48,0.16,250424,0.06,0.04,0.01,27336,
01_track_164,0.57,0.52,0.04,67832,0.02,0.00,0.01,4476,8.01,7.76,0.21,628148,0.05,0.04,0.01,24468,
01_track_165,2.39,2.13,0.23,314688,0.02,0.01,0.00,4476,8.80,8.35,0.41,710028,0.06,0.04,0.01,27836,
01_track_166,24.99,16.96,2.17,1691796,0.02,0.01,0.01,4476,33.44,32.58,0.76,771284,0.06,0.05,0.01,28004,
01_track_167,0.76,0.67,0.06,90496,0.01,0.01,0.00,4476,1.80,1.65,0.14,202004,0.05,0.04,0.01,27752,
01_track_168,114.62,95.40,10.04,10483076,0.02,0.01,0.00,4476,19.60,19.02,0.51,715192,0.05,0.03,0.01,24456,
01_track_169,17.63,16.00,1.46,2050824,0.02,0.01,0.00,4476,2.72,2.58,0.12,257648,0.06,0.04,0.01,27968,
01_track_17,,,,,0.02,0.01,0.00,4476,10.41,10.15,0.23,708196,0.06,0.04,0.01,28112,
01_track_170,,,,,0.02,0.01,0.00,4476,1.86,1.70,0.14,203988,0.05,0.03,0.01,24456,
01_track_171,3.07,2.72,0.31,442648,0.02,0.01,0.00,4476,29.37,28.95,0.34,762064,0.05,0.03,0.01,24476,
01_track_172,0.95,0.85,0.07,113596,0.02,0.01,0.00,4476,3.97,3.82,0.13,260664,0.06,0.04,0.01,27716,
01_track_173,3.75,3.41,0.30,538484,0.02,0.01,0.00,4476,40.63,39.59,0.93,758048,0.06,0.05,0.01,27884,
01_track_174,108.90,90.44,16.54,30621728,0.02,0.01,0.00,4476,5.90,5.64,0.23,653992,0.07,0.05,0.02,28324,
01_track_175,5.02,4.67,0.33,569268,0.02,0.01,0.00,4476,1.69,1.59,0.09,212024,0.05,0.04,0.01,24468,
01_track_176,0.49,0.40,0.04,58784,0.02,0.01,0.00,4476,1.90,1.79,0.10,216228,0.05,0.03,0.01,24464,
01_track_177,64.27,39.03,25.07,30565176,0.02,0.01,0.00,4476,,,,,0.06,0.05,0.01,28184,
01_track_178,,,,,0.02,0.00,0.01,4476,,,,,0.09,0.07,0.02,29232,
01_track_179,4.68,4.23,0.41,596804,0.02,0.01,0.00,4476,28.08,27.70,0.31,745368,0.05,0.04,0.01,24464,
01_track_18,,,,,0.02,0.01,0.00,4476,18.67,18.28,0.33,736060,0.05,0.03,0.01,24480,
01_track_180,20.30,18.51,1.71,2130016,0.02,0.01,0.00,4476,1.64,1.53,0.09,211696,0.05,0.03,0.01,24464,
01_track_181,0.98,0.88,0.06,120648,0.01,0.01,0.00,4476,29.84,29.02,0.73,753264,0.05,0.03,0.01,24464,
01_track_182,0.80,0.71,0.07,76492,0.01,0.01,0.00,4476,4.72,4.55,0.13,273772,0.06,0.04,0.01,27956,
01_track_183,,,,,0.02,0.01,0.00,4476,21.80,21.43,0.30,736844,0.05,0.03,0.01,24480,
01_track_184,27.81,25.58,2.14,2753292,0.02,0.01,0.00,4476,,,,,0.06,0.04,0.01,27920,
01_track_185,0.68,0.59,0.07,80860,0.02,0.01,0.00,4476,1.60,1.50,0.08,209312,0.05,0.03,0.01,24464,
01_track_186,0.93,0.82,0.07,109532,0.02,0.01,0.00,4476,31.49,31.04,0.36,746564,0.06,0.04,0.02,28144,
01_track_187,3.26,2.81,0.41,625012,0.02,0.01,0.00,4476,2.61,2.49,0.10,221680,0.06,0.04,0.01,27544,
01_track_188,,,,,0.02,0.01,0.00,4476,,,,,0.08,0.05,0.02,29816,
01_track_189,,,,,0.02,0.01,0.00,4476,2.95,2.80,0.13,266528,0.06,0.04,0.01,27552,
01_track_19,0.78,0.65,0.05,89184,0.02,0.01,0.00,4476,4.42,4.29,0.11,265516,0.05,0.03,0.01,24476,
01_track_190,0.63,0.56,0.04,74940,0.02,0.01,0.00,4476,8.51,8.21,0.27,703884,0.05,0.04,0.01,24468,
01_track_191,43.60,27.45,15.54,29700020,0.02,0.01,0.00,4476,3.54,3.38,0.13,268412,0.06,0.04,0.01,27516,
01_track_192,0.61,0.54,0.04,66844,0.02,0.01,0.00,4476,1.99,1.89,0.09,216776,0.05,0.03,0.01,24456,
01_track_193,0.42,0.36,0.04,55128,0.02,0.01,0.00,4476,1.43,1.34,0.08,185196,0.05,0.03,0.00,24444,
01_track_194,,,,,0.01,0.01,0.00,4476,2.38,2.22,0.12,253852,0.06,0.04,0.01,28180,
01_track_195,0.56,0.49,0.04,63084,0.02,0.01,0.00,4476,1.89,1.78,0.10,217208,0.05,0.03,0.01,27716,
01_track_196,0.82,0.74,0.06,99920,0.02,0.01,0.00,4476,21.10,20.68,0.35,739076,0.05,0.03,0.01,24476,
01_track_197,1.39,1.24,0.09,183716,0.02,0.01,0.00,4476,26.10,25.72,0.31,768328,0.05,0.03,0.01,24480,
01_track_198,,,,,0.02,0.01,0.00,4476,27.09,26.67,0.35,752560,0.10,0.08,0.01,30624,
01_track_199,,,,,0.02,0.01,0.00,4476,2.61,2.46,0.10,223756,0.06,0.04,0.01,27868,
01_track_2,,,,,0.02,0.01,0.00,4476,2.16,2.05,0.09,217396,0.05,0.04,0.01,27372,
01_track_20,,,,,0.06,0.01,0.00,4476,3.48,3.30,0.15,272784,0.05,0.03,0.01,27280,
01_track_200,0.56,0.42,0.04,56856,0.02,0.01,0.00,4476,1.80,1.70,0.08,211208,0.05,0.03,0.01,24456,
01_track_21,1.58,1.44,0.11,205664,0.07,0.01,0.00,4476,20.27,19.90,0.30,755920,0.05,0.03,0.01,24476,
01_track_22,0.62,0.55,0.05,69340,0.01,0.00,0.00,4476,5.20,5.03,0.14,293020,0.06,0.04,0.01,27768,
01_track_23,,,,,0.01,0.00,0.00,4476,96.12,94.59,0.79,793532,0.05,0.04,0.01,27760,
01_track_24,12.01,10.49,1.03,1489300,0.01,0.00,0.00,4476,4.42,4.25,0.15,384736,0.06,0.04,0.02,27892,
01_track_25,,,,,0.01,0.00,0.01,4476,3.32,3.17,0.13,275592,0.07,0.05,0.01,28816,
01_track_26,,,,,0.01,0.01,0.00,4476,2.42,2.29,0.11,221076,0.06,0.04,0.01,27520,
01_track_27,0.48,0.42,0.04,64244,0.02,0.01,0.00,4476,4.36,4.21,0.13,260648,0.05,0.03,0.01,24464,
01_track_28,,,,,0.01,0.01,0.00,4476,35.91,35.42,0.39,767420,0.07,0.05,0.01,28288,
01_track_29,2.02,1.86,0.13,308908,0.01,0.01,0.00,4476,8.16,7.71,0.41,702560,0.06,0.04,0.01,27844,
01_track_3,17.79,16.27,1.46,2040700,0.02,0.01,0.00,4476,8.50,8.10,0.37,671328,0.06,0.03,0.02,27408,
01_track_30,,,,,0.02,0.01,0.00,4476,3.75,3.54,0.18,247616,0.05,0.03,0.01,27280,
01_track_31,,,,,0.02,0.01,0.00,4476,4.06,3.92,0.12,262656,0.05,0.03,0.01,24468,
01_track_32,1.15,1.05,0.07,171516,0.02,0.01,0.00,4476,2.43,2.28,0.13,260572,0.06,0.04,0.01,27736,
01_track_33,,,,,0.01,0.01,0.00,4476,3.40,3.24,0.14,265880,0.06,0.04,0.01,28228,
01_track_34,0.87,0.77,0.07,102696,0.02,0.01,0.00,4476,2.69,2.49,0.17,254028,0.06,0.04,0.01,27708,
01_track_35,,,,,0.02,0.01,0.00,4476,28.08,27.60,0.39,757700,0.06,0.04,0.01,28088,
01_track_36,,,,,0.02,0.01,0.00,4476,,,,,0.07,0.04,0.02,28344,
01_track_37,3.49,3.13,0.31,558188,0.01,0.01,0.00,4476,22.76,22.33,0.36,764660,0.05,0.03,0.01,24476,
01_track_38,8.67,8.11,0.52,755352,0.01,0.01,0.00,4476,2.83,2.70,0.10,259752,0.06,0.05,0.00,28116,
01_track_39,,,,,0.02,0.01,0.00,4476,63.85,62.97,0.72,814728,0.06,0.04,0.01,27956,
01_track_4,0.64,0.54,0.06,70496,0.02,0.01,0.00,4476,2.08,1.99,0.08,215632,0.05,0.04,0.01,27252,
01_track_40,2.14,1.96,0.16,306924,0.02,0.01,0.00,4476,3.28,3.13,0.12,284892,0.06,0.04,0.01,27736,
01_track_41,,,,,0.02,0.01,0.00,4476,23.87,23.29,0.52,738320,0.05,0.03,0.01,24472,
01_track_42,,,,,0.02,0.01,0.00,4476,5.56,5.36,0.17,449932,0.06,0.05,0.01,29140,
01_track_43,,,,,0.01,0.01,0.00,4476,30.21,29.46,0.66,768324,0.10,0.08,0.01,33832,
01_track_44,0.46,0.40,0.04,65500,0.02,0.01,0.00,4476,1.41,1.29,0.11,177920,0.05,0.03,0.01,24444,
01_track_45,3.18,2.81,0.33,528036,0.02,0.01,0.00,4476,30.15,29.25,0.81,827420,0.05,0.03,0.01,24476,
01_track_46,,,,,0.01,0.01,0.00,4476,10.19,9.90,0.25,706416,0.06,0.04,0.01,27804,
01_track_47,9.63,9.13,0.44,650240,0.01,0.01,0.00,4476,2.63,2.50,0.12,252844,0.06,0.04,0.02,28172,
01_track_48,0.55,0.50,0.04,58676,0.01,0.01,0.00,4476,2.39,2.27,0.10,219588,0.05,0.03,0.01,24468,
01_track_49,0.84,0.74,0.06,99772,0.01,0.01,0.00,4476,1.62,1.51,0.09,218764,0.05,0.04,0.01,24452,
01_track_5,1.05,0.94,0.08,120540,0.02,0.01,0.00,4476,19.35,19.00,0.30,737372,0.05,0.04,0.01,24476,
01_track_50,,,,,0.01,0.01,0.00,4476,,,,,0.15,0.12,0.02,49428,
01_track_51,1.91,1.71,0.17,326628,0.02,0.01,0.00,4476,24.06,23.59,0.40,749216,0.05,0.03,0.01,24476,
01_track_52,31.63,29.01,2.51,3112676,0.02,0.01,0.00,4476,1.74,1.64,0.08,213364,0.04,0.03,0.01,24464,
01_track_53,,,,,0.02,0.01,0.00,4476,4.57,4.36,0.18,399680,0.06,0.04,0.01,28392,
01_track_54,,,,,0.02,0.01,0.00,4476,23.68,23.26,0.35,760548,0.06,0.03,0.02,28112,
01_track_55,,,,,0.02,0.01,0.00,4476,5.14,4.93,0.19,479644,0.14,0.09,0.05,39132,
01_track_56,8.39,7.73,0.59,1099996,0.02,0.01,0.00,4476,3.27,3.11,0.14,279880,0.06,0.04,0.01,27828,
01_track_57,11.10,10.34,0.71,1158256,0.01,0.01,0.00,4476,10.36,9.99,0.33,723772,0.05,0.04,0.01,24480,
01_track_58,2.83,2.56,0.24,508508,0.02,0.01,0.00,4476,4.12,3.97,0.13,343668,0.06,0.05,0.01,27864,
01_track_59,,,,,0.02,0.01,0.00,4476,5.10,4.91,0.15,325932,0.06,0.04,0.01,27916,
01_track_6,70.10,55.22,14.70,30572764,0.02,0.01,0.00,4476,5.37,5.15,0.19,483292,0.06,0.05,0.01,28824,
01_track_60,,,,,0.02,0.01,0.00,4476,2.73,2.61,0.11,250488,0.07,0.04,0.01,27852,
01_track_61,2.91,2.58,0.31,494156,0.02,0.01,0.00,4476,2.09,1.97,0.10,250232,0.05,0.04,0.00,24456,
01_track_62,1.50,1.35,0.11,199372,0.02,0.01,0.00,4476,1.61,1.51,0.08,213372,0.05,0.03,0.02,24468,
01_track_63,23.58,21.56,1.94,2453472,0.02,0.01,0.00,4476,3.97,3.80,0.15,347076,0.06,0.04,0.01,27996,
01_track_64,,,,,0.02,0.00,0.00,4476,59.85,59.16,0.54,766252,0.06,0.04,0.01,27740,
01_track_65,5.47,4.93,0.50,804464,0.02,0.01,0.00,4476,3.23,3.08,0.13,277876,0.06,0.03,0.02,27768,
01_track_66,0.67,0.58,0.05,74688,0.02,0.01,0.00,4476,6.60,6.38,0.18,470260,0.05,0.03,0.01,27696,
01_track_67,,,,,0.02,0.01,0.00,4476,7.28,6.99,0.27,712932,0.06,0.04,0.01,28052,
01_track_68,,,,,0.01,0.01,0.00,4476,10.26,9.88,0.34,707312,0.05,0.04,0.01,24468,
01_track_69,,,,,0.02,0.01,0.00,4476,9.25,8.96,0.26,718556,0.07,0.05,0.01,29912,
01_track_7,3.50,3.10,0.38,609884,0.02,0.01,0.00,4476,6.23,5.93,0.28,695776,0.06,0.03,0.01,27984,
01_track_70,,,,,0.01,0.01,0.00,4476,105.08,103.98,0.83,1170824,0.06,0.04,0.01,27724,
01_track_71,,,,,0.02,0.01,0.00,4476,2.41,2.25,0.14,241400,0.06,0.04,0.01,28228,
01_track_72,95.33,79.55,15.53,30584628,0.02,0.01,0.00,4476,8.91,8.61,0.26,711380,0.06,0.04,0.01,28124,
01_track_73,,,,,0.02,0.01,0.00,4476,11.56,11.17,0.34,708784,0.05,0.03,0.01,24472,
01_track_74,5.85,5.46,0.36,1053796,0.02,0.01,0.00,4476,6.44,6.08,0.33,699092,0.06,0.04,0.01,27956,
01_track_75,,,,,0.02,0.01,0.00,4476,3.78,3.62,0.13,278744,0.05,0.03,0.01,24456,
01_track_76,0.59,0.40,0.04,57244,0.02,0.01,0.00,4476,4.71,4.52,0.16,281820,0.05,0.03,0.01,24468,
01_track_77,,,,,0.01,0.01,0.00,4476,4.60,4.45,0.13,279912,0.13,0.08,0.03,36740,
01_track_78,0.64,0.56,0.04,76456,0.02,0.00,0.01,4476,1.71,1.59,0.09,209184,0.05,0.03,0.01,24464,
01_track_79,55.54,52.58,2.80,4124212,0.02,0.01,0.01,4476,10.60,10.30,0.26,712316,0.05,0.03,0.01,24476,
01_track_8,26.41,24.39,1.77,3331812,0.01,0.01,0.00,4476,3.28,3.10,0.15,253296,0.06,0.04,0.01,27504,
01_track_80,9.57,9.07,0.46,1079116,0.01,0.01,0.00,4476,7.30,7.06,0.21,593596,0.06,0.04,0.02,27588,
01_track_81,3.24,2.93,0.28,545684,0.01,0.01,0.00,4476,9.82,9.48,0.30,717252,0.06,0.04,0.01,27796,
01_track_82,,,,,0.01,0.01,0.00,4476,3.83,3.69,0.12,274188,0.06,0.04,0.01,28088,
01_track_83,0.45,0.39,0.03,65420,0.01,0.01,0.00,4476,1.70,1.59,0.10,212732,0.05,0.03,0.01,24452,
01_track_84,0.93,0.84,0.04,125272,0.02,0.01,0.00,4476,3.11,2.97,0.12,263344,0.06,0.04,0.01,27752,
01_track_85,,,,,0.02,0.01,0.00,4476,9.80,9.44,0.31,717364,0.05,0.03,0.01,24468,
01_track_86,0.66,0.59,0.04,71924,0.02,0.01,0.00,4476,28.42,27.87,0.48,748972,0.05,0.04,0.01,24464,
01_track_87,,,,,0.02,0.01,0.00,4476,4.21,4.07,0.12,290440,0.06,0.04,0.01,28044,
01_track_88,,,,,0.02,0.01,0.00,4476,4.10,3.92,0.16,358932,0.06,0.04,0.01,27916,
01_track_89,0.50,0.42,0.03,64640,0.02,0.01,0.00,4476,1.77,1.66,0.10,210824,0.05,0.03,0.02,24452,
01_track_9,1.59,1.48,0.08,263608,0.02,0.01,0.00,4476,5.96,5.65,0.28,571936,0.06,0.04,0.01,27840,
01_track_90,1.33,1.22,0.09,215204,0.01,0.01,0.00,4476,22.63,22.24,0.32,773908,0.05,0.04,0.01,24476,
01_track_91,,,,,0.02,0.00,0.00,4476,10.20,9.83,0.34,723388,0.05,0.03,0.01,24456,
01_track_92,,,,,0.01,0.01,0.00,4476,21.11,20.70,0.35,721976,0.05,0.04,0.01,24468,
01_track_93,,,,,0.02,0.01,0.00,4476,26.63,26.17,0.39,753348,0.05,0.03,0.01,24460,
01_track_94,65.74,60.91,4.63,5613224,0.02,0.00,0.00,4476,1.94,1.79,0.13,208216,0.05,0.04,0.01,24468,
01_track_95,4.51,4.09,0.39,645356,0.02,0.01,0.00,4476,4.27,4.09,0.15,317688,0.05,0.03,0.01,27212,
01_track_96,1.06,0.94,0.09,132640,0.02,0.01,0.00,4476,2.76,2.63,0.11,261608,0.06,0.04,0.01,27992,
01_track_97,0.72,0.63,0.06,80360,0.01,0.01,0.00,4476,2.01,1.91,0.09,216356,0.06,0.04,0.01,27620,
01_track_98,5.54,5.16,0.32,1008456,0.02,0.01,0.00,4476,10.34,10.00,0.30,714044,0.05,0.04,0.00,24480,
01_track_99,0.78,0.69,0.06,99584,0.01,0.01,0.00,4476,29.07,28.51,0.47,762704,0.05,0.04,0.00,24480,
02_track_1,,,,,0.02,0.01,0.00,4476,5.68,5.46,0.17,337212,0.09,0.06,0.02,33272,
02_track_2,,,,,0.02,0.01,0.01,4476,,,,,1.82,1.57,0.24,272792,
02_track_3,,,,,0.02,0.01,0.00,4476,,,,,15.92,13.90,1.97,1684552,
02_track_4,,,,,0.02,0.01,0.00,4476,,,,,,,,,
02_track_5,,,,,0.02,0.01,0.00,4476,3.89,3.73,0.14,271220,0.06,0.04,0.01,27888,
02_track_6,,,,,0.02,0.01,0.00,4476,69.61,68.19,0.91,780440,0.29,0.23,0.05,66068,
02_track_7,,,,,0.02,0.01,0.00,4476,,,,,,,,,
02_track_8,,,,,0.01,0.01,0.00,4476,2.19,2.09,0.09,214608,0.06,0.04,0.01,27412,
02_track_9,,,,,0.02,0.01,0.00,4476,,,,,,,,,
03_track_1,,,,,0.01,0.01,0.00,4476,2.36,2.24,0.11,233748,0.05,0.03,0.01,24208,
03_track_10,1.07,0.95,0.08,139900,0.01,0.01,0.00,4476,1.95,1.84,0.09,207396,0.05,0.03,0.01,24212,
03_track_100,0.67,0.59,0.04,70712,0.02,0.01,0.00,4476,2.13,2.01,0.10,245688,0.06,0.03,0.02,27456,
03_track_101,,,,,0.02,0.01,0.00,4476,2.52,2.39,0.12,251192,0.06,0.04,0.01,27484,
03_track_102,0.68,0.60,0.04,79584,0.02,0.01,0.00,4476,2.16,2.02,0.12,213224,0.06,0.04,0.01,27548,
03_track_103,,,,,0.02,0.01,0.00,4476,1.83,1.71,0.10,211748,0.06,0.04,0.01,27228,
03_track_104,0.48,0.43,0.03,64204,0.02,0.00,0.01,4476,1.81,1.69,0.10,211080,0.06,0.04,0.01,27304,
03_track_105,0.49,0.42,0.04,65768,0.01,0.01,0.00,4476,1.84,1.71,0.11,211012,0.05,0.04,0.01,27300,
03_track_106,0.48,0.42,0.04,65336,0.02,0.01,0.00,4476,1.90,1.76,0.13,206020,0.05,0.04,0.00,27300,
03_track_107,0.61,0.54,0.04,68096,0.02,0.01,0.00,4476,2.10,1.97,0.11,216408,0.05,0.04,0.01,27400,
03_track_108,0.56,0.50,0.03,68744,0.02,0.01,0.00,4476,1.98,1.87,0.10,216708,0.05,0.03,0.01,27344,
03_track_109,,,,,0.01,0.01,0.00,4476,22.50,22.06,0.37,768268,0.06,0.05,0.01,27768,
03_track_11,0.49,0.44,0.03,66052,0.01,0.01,0.00,4476,1.39,1.30,0.08,183452,0.05,0.04,0.01,26020,
03_track_110,,,,,0.01,0.00,0.00,4476,2.24,2.11,0.12,206192,0.06,0.04,0.01,27436,
03_track_111,,,,,0.02,0.01,0.00,4476,2.32,2.22,0.08,219776,0.05,0.03,0.02,27464,
03_track_112,0.46,0.40,0.04,56648,0.01,0.01,0.00,4476,2.25,2.14,0.09,225604,0.06,0.04,0.01,28088,
03_track_113,0.46,0.39,0.05,62212,0.02,0.01,0.00,4476,21.02,20.63,0.32,741820,0.05,0.04,0.01,27816,
03_track_114,0.46,0.40,0.03,55848,0.02,0.01,0.00,4476,2.11,1.97,0.13,208848,0.05,0.03,0.01,27488,
03_track_115,0.47,0.41,0.05,62160,0.02,0.00,0.01,4476,2.39,2.28,0.09,229436,0.06,0.04,0.01,27908,
03_track_116,0.45,0.39,0.03,54664,0.02,0.01,0.00,4476,2.38,2.25,0.11,247656,0.05,0.03,0.01,27808,
03_track_117,0.49,0.43,0.04,64444,0.02,0.01,0.00,4476,3.02,2.88,0.12,265148,0.06,0.04,0.01,28172,
03_track_118,0.50,0.43,0.04,62060,0.02,0.01,0.00,4476,2.25,2.15,0.09,219844,0.06,0.04,0.01,28104,
03_track_119,1.19,1.08,0.07,156424,0.02,0.01,0.00,4476,2.85,2.72,0.11,263612,0.06,0.04,0.01,27888,
03_track_12,0.57,0.51,0.04,66876,0.02,0.01,0.00,4476,1.51,1.41,0.09,185868,0.05,0.03,0.01,24204,
03_track_120,2.28,2.11,0.14,603692,0.02,0.01,0.00,4476,2.08,1.97,0.09,216960,0.05,0.04,0.01,27532,
03_track_121,,,,,0.02,0.01,0.00,4476,59.54,58.55,0.82,777552,0.07,0.05,0.01,28708,
03_track_122,,,,,0.02,0.01,0.00,4476,6.24,6.05,0.16,383912,0.06,0.04,0.01,28156,
03_track_123,11.84,11.60,0.19,652468,0.02,0.01,0.00,4476,57.66,56.64,0.87,761452,0.06,0.05,0.01,28640,
03_track_124,,,,,0.01,0.01,0.00,4476,27.38,26.92,0.38,751296,0.05,0.03,0.01,27780,
03_track_125,7.44,6.94,0.45,648096,0.01,0.01,0.00,4476,29.80,29.30,0.41,761036,0.06,0.04,0.01,28140,
03_track_126,0.49,0.43,0.04,64044,0.01,0.00,0.00,4476,1.66,1.55,0.10,210976,0.06,0.04,0.01,27292,
03_track_127,0.50,0.46,0.03,64032,0.01,0.01,0.00,4476,1.67,1.57,0.09,210868,0.05,0.04,0.01,27300,
03_track_128,,,,,0.02,0.01,0.00,4476,2.12,2.02,0.09,226652,0.05,0.04,0.01,27428,
03_track_129,0.79,0.71,0.06,77716,0.02,0.01,0.00,4476,2.21,2.11,0.09,219780,0.06,0.04,0.01,27672,
03_track_13,0.54,0.46,0.05,56028,0.02,0.01,0.00,4476,1.57,1.46,0.10,188688,0.05,0.03,0.01,24204,
03_track_130,9.06,8.57,0.46,652936,0.02,0.00,0.01,4476,2.62,2.50,0.11,260768,0.06,0.04,0.01,27972,
03_track_131,25.17,24.63,0.45,2107772,0.01,0.01,0.00,4476,20.69,20.30,0.32,747260,0.05,0.04,0.01,28688,
03_track_132,0.54,0.48,0.04,59868,0.02,0.01,0.00,4476,2.88,2.73,0.12,270700,0.07,0.05,0.01,28736,
03_track_133,0.47,0.41,0.04,57352,0.02,0.01,0.00,4476,3.92,3.76,0.14,262264,0.05,0.03,0.01,27512,
03_track_134,0.44,0.38,0.04,55376,0.02,0.01,0.00,4476,20.67,20.26,0.34,738816,0.06,0.04,0.01,28080,
03_track_135,0.47,0.39,0.04,54436,0.02,0.01,0.00,4476,3.05,2.90,0.12,267244,0.06,0.04,0.01,28064,
03_track_136,0.48,0.41,0.04,55624,0.01,0.01,0.00,4476,,,,,0.07,0.04,0.02,28876,
03_track_137,4.21,3.78,0.39,629756,0.01,0.01,0.00,4476,5.32,5.15,0.14,308620,0.06,0.04,0.01,28244,
03_track_138,,,,,0.01,0.01,0.00,4476,,,,,0.07,0.05,0.01,28732,
03_track_139,,,,,0.02,0.01,0.00,4476,,,,,0.08,0.06,0.01,30268,
03_track_14,0.50,0.44,0.03,66340,0.02,0.01,0.00,4476,1.41,1.32,0.08,184584,0.05,0.03,0.01,26020,
03_track_140,,,,,0.02,0.01,0.00,4476,,,,,0.07,0.04,0.02,28828,
03_track_141,,,,,0.02,0.01,0.00,4476,2.29,2.16,0.10,220088,0.06,0.04,0.01,27536,
03_track_142,,,,,0.02,0.01,0.00,4476,,,,,0.09,0.06,0.01,29892,
03_track_143,,,,,0.02,0.01,0.00,4476,,,,,0.09,0.06,0.02,35172,
03_track_144,0.50,0.44,0.04,64188,0.02,0.01,0.00,4476,1.63,1.53,0.08,212744,0.05,0.03,0.01,27292,
03_track_145,,,,,0.02,0.01,0.00,4476,,,,,77.98,68.05,9.73,12007740,
03_track_146,19.52,18.87,0.58,748364,0.02,0.01,0.00,4476,3.47,3.32,0.11,276636,0.07,0.05,0.01,28776,
03_track_147,0.64,0.56,0.05,72448,0.01,0.01,0.00,4476,2.16,2.04,0.10,245572,0.06,0.04,0.01,27548,
03_track_148,,,,,0.02,0.01,0.00,4476,2.12,2.01,0.09,216400,0.06,0.04,0.01,27744,
03_track_149,0.43,0.36,0.04,62068,0.02,0.01,0.00,4476,3.20,3.07,0.10,265172,0.06,0.04,0.01,28044,
03_track_15,0.45,0.40,0.04,64348,0.02,0.01,0.00,4476,1.72,1.62,0.08,191032,0.05,0.03,0.01,24208,
03_track_150,0.50,0.42,0.04,64564,0.02,0.01,0.00,4476,49.55,48.81,0.56,762744,0.07,0.05,0.01,28764,
03_track_151,55.07,39.89,15.03,30573764,0.02,0.01,0.00,4476,,,,,0.08,0.06,0.01,30100,
03_track_152,0.53,0.45,0.05,67092,0.02,0.01,0.00,4476,,,,,0.10,0.07,0.02,33748,
03_track_153,0.50,0.45,0.03,66112,0.02,0.01,0.00,4476,87.73,86.44,1.07,790364,0.08,0.05,0.02,29708,
03_track_154,,,,,0.02,0.01,0.00,4476,,,,,0.07,0.05,0.01,28780,
03_track_155,,,,,0.02,0.01,0.00,4476,,,,,0.14,0.10,0.03,53440,
03_track_156,,,,,0.02,0.01,0.01,4476,,,,,0.07,0.06,0.01,29584,
03_track_157,,,,,0.02,0.01,0.00,4476,,,,,0.07,0.05,0.02,29464,
03_track_158,,,,,0.02,0.01,0.00,4476,5.58,5.36,0.20,327944,0.06,0.05,0.01,28472,
03_track_159,3.28,2.96,0.29,624324,0.02,0.01,0.00,4476,21.52,20.83,0.60,738880,0.06,0.04,0.01,27732,
03_track_16,,,,,0.02,0.01,0.00,4476,1.51,1.39,0.11,183744,0.06,0.04,0.01,26284,
03_track_160,,,,,0.02,0.01,0.00,4476,3.36,3.15,0.18,247592,0.06,0.04,0.01,27832,
03_track_161,1.20,1.12,0.05,161676,0.02,0.01,0.00,4476,2.89,2.71,0.16,248568,0.06,0.04,0.01,27892,
03_track_162,,,,,0.02,0.01,0.00,4476,3.00,2.82,0.17,236416,0.06,0.04,0.01,27884,
03_track_163,0.69,0.61,0.05,73260,0.01,0.01,0.00,4476,3.89,3.68,0.19,252856,0.08,0.06,0.01,30636,
03_track_164,0.48,0.40,0.05,57324,0.02,0.01,0.00,4476,2.93,2.75,0.16,265068,0.06,0.04,0.01,28136,
03_track_165,,,,,0.02,0.01,0.00,4476,6.46,6.17,0.25,404916,0.06,0.04,0.02,28384,
03_track_166,,,,,0.02,0.01,0.00,4476,,,,,0.07,0.05,0.01,29040,
03_track_167,,,,,0.02,0.00,0.01,4476,,,,,0.09,0.06,0.02,31704,
03_track_168,3.00,2.78,0.19,476388,0.02,0.01,0.00,4476,24.81,24.39,0.34,740552,0.06,0.05,0.01,28516,
03_track_169,62.20,46.23,15.81,30577488,0.02,0.01,0.00,4476,56.88,55.79,0.93,789360,0.07,0.06,0.01,29836,
03_track_17,0.49,0.42,0.04,64756,0.02,0.01,0.00,4476,1.53,1.43,0.09,183376,0.05,0.03,0.01,26020,
03_track_170,0.51,0.44,0.04,66112,0.02,0.01,0.00,4476,20.77,20.39,0.32,744564,0.06,0.05,0.01,28868,
03_track_171,2.55,2.30,0.21,369584,0.02,0.01,0.00,4476,116.98,116.07,0.61,830032,0.06,0.04,0.01,28668,
03_track_172,,,,,0.02,0.01,0.00,4476,,,,,0.06,0.04,0.02,28488,
03_track_173,,,,,0.02,0.01,0.00,4476,113.66,112.81,0.56,790620,0.06,0.04,0.01,28636,
03_track_174,,,,,0.02,0.01,0.00,4476,26.57,26.15,0.35,766528,0.09,0.06,0.02,31780,
03_track_175,,,,,0.02,0.01,0.01,4476,,,,,0.06,0.04,0.01,28812,
03_track_176,10.83,10.58,0.19,656592,0.02,0.01,0.00,4476,21.95,21.47,0.41,745600,0.06,0.05,0.01,28660,
03_track_177,,,,,0.02,0.01,0.00,4476,1.58,1.48,0.08,194888,0.05,0.03,0.01,24476,
03_track_178,82.96,82.22,0.51,1927636,0.02,0.01,0.00,4476,38.07,37.58,0.38,768516,0.07,0.05,0.01,28732,
03_track_179,1.93,1.80,0.09,320072,0.02,0.01,0.00,4476,5.90,5.72,0.15,380012,0.06,0.04,0.01,28220,
03_track_18,0.45,0.39,0.03,63576,0.02,0.00,0.00,4476,1.56,1.46,0.08,195456,0.05,0.03,0.01,24204,
03_track_180,0.48,0.41,0.03,64844,0.02,0.01,0.00,4476,29.14,28.57,0.49,750364,0.06,0.04,0.01,27976,
03_track_181,0.88,0.79,0.06,124968,0.02,0.01,0.00,4476,20.41,19.79,0.56,738540,0.06,0.04,0.01,27840,
03_track_182,,,,,0.01,0.01,0.00,4476,,,,,0.10,0.07,0.02,33312,
03_track_183,,,,,0.01,0.00,0.00,4476,,,,,0.06,0.04,0.01,28512,
03_track_184,,,,,0.02,0.01,0.00,4476,2.51,2.38,0.12,268956,0.07,0.04,0.01,27876,
03_track_185,0.66,0.59,0.04,79592,0.01,0.01,0.00,4476,1.97,1.86,0.10,218368,0.05,0.03,0.01,27560,
03_track_186,80.04,76.93,2.89,4592120,0.02,0.01,0.00,4476,21.87,21.44,0.36,737820,0.06,0.04,0.01,28472,
03_track_187,,,,,0.01,0.01,0.00,4476,,,,,0.08,0.06,0.01,31632,
03_track_188,0.44,0.37,0.04,55708,0.02,0.01,0.00,4476,2.14,2.01,0.11,238984,0.06,0.04,0.01,27488,
03_track_189,,,,,0.01,0.01,0.00,4476,,,,,0.09,0.06,0.02,30844,
03_track_19,8.69,8.15,0.49,966840,0.02,0.01,0.00,4476,1.71,1.58,0.11,203012,0.05,0.03,0.01,24204,
03_track_190,0.45,0.40,0.03,64504,0.01,0.01,0.00,4476,,,,,0.07,0.05,0.01,28832,
03_track_191,,,,,0.02,0.01,0.00,4476,,,,,0.07,0.05,0.01,29124,
03_track_192,1.42,1.28,0.11,237904,0.01,0.01,0.00,4476,,,,,0.07,0.05,0.01,29404,
03_track_193,0.53,0.42,0.05,56160,0.01,0.01,0.00,4476,33.10,32.35,0.66,760948,0.06,0.04,0.01,28424,
03_track_194,0.64,0.58,0.03,79820,0.02,0.01,0.00,4476,1.96,1.82,0.12,213000,0.05,0.04,0.01,27492,
03_track_195,,,,,0.01,0.01,0.00,4476,,,,,0.07,0.05,0.02,29860,
03_track_196,,,,,0.02,0.01,0.00,4476,,,,,0.08,0.05,0.02,30184,
03_track_197,,,,,0.02,0.01,0.00,4476,2.17,2.04,0.10,242416,0.05,0.04,0.01,27196,
03_track_198,0.67,0.49,0.04,68820,0.02,0.01,0.00,4476,1.98,1.88,0.09,217888,0.05,0.04,0.01,27476,
03_track_199,,,,,0.02,0.01,0.00,4476,,,,,0.09,0.06,0.02,30840,
03_track_2,,,,,0.02,0.01,0.00,4476,2.10,1.98,0.09,232684,0.05,0.03,0.01,24208,
03_track_20,44.97,42.50,2.35,4374876,0.02,0.01,0.00,4476,1.77,1.65,0.10,199588,0.05,0.04,0.01,24200,
03_track_200,,,,,0.02,0.01,0.00,4476,,,,,0.09,0.07,0.01,33308,
03_track_21,2.53,2.39,0.12,421380,0.02,0.01,0.00,4476,1.92,1.78,0.13,196976,0.05,0.03,0.01,24204,
03_track_22,,,,,0.01,0.01,0.00,4476,1.73,1.58,0.13,191328,0.05,0.03,0.01,24204,
03_track_23,0.51,0.44,0.04,58540,0.02,0.01,0.00,4476,1.76,1.63,0.11,190740,0.05,0.03,0.01,24204,
03_track_24,0.43,0.37,0.05,55412,0.02,0.01,0.00,4476,1.68,1.55,0.11,187404,0.05,0.03,0.02,26716,
03_track_25,0.89,0.77,0.07,105676,0.02,0.01,0.00,4476,1.91,1.78,0.12,197480,0.05,0.03,0.01,24208,
03_track_26,,,,,0.02,0.01,0.00,4476,2.14,2.04,0.08,210068,0.05,0.04,0.01,24212,
03_track_27,,,,,0.02,0.01,0.00,4476,2.40,2.26,0.13,207776,0.05,0.03,0.01,24212,
03_track_28,,,,,0.02,0.01,0.00,4476,3.07,2.93,0.11,278388,0.05,0.04,0.00,24212,
03_track_29,40.56,37.98,2.45,3412936,0.02,0.01,0.00,4476,2.01,1.90,0.09,206712,0.05,0.03,0.01,24208,
03_track_3,118.30,103.14,14.84,31047036,0.02,0.01,0.01,4476,2.52,2.35,0.15,226520,0.05,0.03,0.01,24212,
03_track_30,70.37,66.40,3.77,4649988,0.02,0.01,0.00,4476,2.02,1.91,0.09,209092,0.05,0.03,0.01,24212,
03_track_31,61.20,59.00,2.01,4945228,0.02,0.01,0.00,4476,1.84,1.73,0.09,203172,0.05,0.03,0.01,24204,
03_track_32,,,,,0.02,0.01,0.00,4476,2.18,2.06,0.09,217684,0.05,0.03,0.01,24212,
03_track_33,,,,,0.02,0.01,0.00,4476,2.02,1.87,0.13,199308,0.05,0.03,0.01,24212,
03_track_34,,,,,0.02,0.00,0.00,4476,2.07,1.96,0.07,209800,0.05,0.03,0.01,24212,
03_track_35,,,,,0.01,0.01,0.00,4476,2.09,1.98,0.09,211060,0.05,0.03,0.01,24208,
03_track_36,,,,,0.02,0.01,0.00,4476,2.16,2.05,0.08,213644,0.05,0.03,0.01,24212,
03_track_37,107.55,102.46,4.82,5353536,0.01,0.01,0.00,4476,1.94,1.81,0.11,194440,0.05,0.03,0.01,24204,
03_track_38,,,,,0.01,0.01,0.00,4476,1.90,1.79,0.09,206768,0.05,0.03,0.01,24204,
03_track_39,,,,,0.01,0.01,0.00,4476,2.38,2.24,0.11,237516,0.05,0.03,0.01,24212,
03_track_4,,,,,0.01,0.01,0.00,4476,2.50,2.37,0.11,243812,0.05,0.03,0.01,24212,
03_track_40,0.53,0.44,0.04,58440,0.01,0.01,0.00,4476,2.03,1.88,0.12,201484,0.05,0.04,0.00,24212,
03_track_41,2.95,2.67,0.24,428592,0.01,0.01,0.00,4476,1.88,1.77,0.09,206172,0.05,0.03,0.01,24204,
03_track_42,8.96,8.26,0.61,834012,0.01,0.01,0.00,4476,1.86,1.75,0.08,199192,0.05,0.03,0.01,24208,
03_track_43,0.43,0.37,0.04,54160,0.01,0.01,0.00,4476,1.57,1.48,0.08,188452,0.05,0.04,0.00,24204,
03_track_44,,,,,0.01,0.01,0.00,4476,2.24,2.06,0.16,208420,0.05,0.03,0.01,24212,
03_track_45,97.52,73.39,23.87,31500724,0.01,0.01,0.00,4476,2.86,2.73,0.12,246612,,,,,
03_track_46,,,,,0.02,0.01,0.00,4476,,,,,,,,,
03_track_47,,,,,0.01,0.00,0.00,4476,5.99,5.78,0.18,381736,0.07,0.04,0.01,28188,
03_track_48,,,,,0.01,0.01,0.00,4476,,,,,0.35,0.28,0.06,85280,
03_track_49,,,,,0.02,0.00,0.01,4476,116.66,115.11,1.26,836308,0.06,0.05,0.01,28688,
03_track_5,,,,,0.01,0.01,0.00,4476,2.09,1.97,0.10,232248,0.05,0.03,0.01,24208,
03_track_50,,,,,0.01,0.01,0.00,4476,,,,,0.14,0.10,0.03,48432,
03_track_51,,,,,0.01,0.01,0.00,4476,3.69,3.54,0.13,267592,0.07,0.04,0.02,28760,
03_track_52,,,,,0.02,0.01,0.00,4476,26.25,25.80,0.37,749736,0.06,0.04,0.01,27840,
03_track_53,,,,,0.01,0.01,0.00,4476,3.08,2.93,0.13,251836,0.06,0.04,0.02,27832,
03_track_54,0.59,0.52,0.05,57380,0.02,0.01,0.00,4476,28.18,27.77,0.33,744064,,,,,
03_track_55,0.46,0.40,0.04,56040,0.02,0.01,0.00,4476,3.90,3.74,0.14,263464,0.06,0.04,0.01,27808,
03_track_56,,,,,0.01,0.01,0.00,4476,3.05,2.91,0.12,252740,0.07,0.04,0.01,27956,
03_track_57,,,,,0.02,0.01,0.00,4476,,,,,0.09,0.06,0.02,33540,
03_track_58,0.50,0.44,0.04,60676,0.02,0.01,0.00,4476,,,,,,,,,
03_track_59,,,,,0.02,0.01,0.00,4476,,,,,1.83,1.56,0.25,341056,
03_track_6,,,,,0.02,0.01,0.00,4476,2.23,2.12,0.10,248988,0.06,0.03,0.01,24208,
03_track_60,,,,,0.01,0.01,0.00,4476,,,,,,,,,
03_track_61,,,,,0.02,0.01,0.00,4476,,,,,,,,,
03_track_62,,,,,0.01,0.01,0.00,4476,3.75,3.61,0.12,261888,1.73,1.55,0.17,271428,
03_track_63,,,,,0.02,0.01,0.00,4476,68.04,67.09,0.77,802200,0.07,0.05,0.01,30292,
03_track_64,,,,,0.02,0.01,0.00,4476,7.99,7.76,0.19,591672,0.06,0.05,0.01,28232,
03_track_65,0.59,0.50,0.04,66896,0.02,0.01,0.00,4476,,,,,0.75,0.61,0.12,195396,
03_track_66,,,,,0.02,0.01,0.00,4476,,,,,,,,,
03_track_67,,,,,0.02,0.01,0.00,4476,,,,,0.12,0.08,0.03,35156,
03_track_68,,,,,0.02,0.00,0.01,4476,,,,,0.08,0.05,0.01,30196,
03_track_69,,,,,0.02,0.01,0.00,4476,,,,,0.08,0.06,0.01,29980,
03_track_7,0.51,0.46,0.03,66168,0.02,0.01,0.00,4476,1.61,1.50,0.10,193616,0.05,0.04,0.01,24208,
03_track_70,,,,,0.02,0.01,0.00,4476,101.36,99.72,1.27,774100,0.06,0.04,0.01,28076,
03_track_71,,,,,0.02,0.00,0.00,4476,3.26,3.12,0.12,274748,0.06,0.04,0.01,28020,
03_track_72,0.47,0.42,0.04,64624,0.02,0.01,0.00,4476,,,,,0.07,0.05,0.01,29644,
03_track_73,0.52,0.45,0.05,64912,0.01,0.01,0.00,4476,,,,,0.07,0.05,0.01,29984,
03_track_74,0.53,0.46,0.04,66240,0.02,0.01,0.00,4476,,,,,0.37,0.28,0.07,101772,
03_track_75,,,,,0.02,0.01,0.00,4476,,,,,,,,,
03_track_76,,,,,0.02,0.01,0.00,4476,,,,,0.07,0.05,0.01,29600,
03_track_77,,,,,0.02,0.01,0.00,4476,,,,,0.06,0.05,0.01,29008,
03_track_78,,,,,0.02,0.01,0.00,4476,,,,,,,,,
03_track_79,,,,,0.02,0.01,0.00,4476,,,,,0.07,0.05,0.01,29016,
03_track_8,0.53,0.46,0.04,59332,0.02,0.01,0.00,4476,1.42,1.32,0.09,185912,0.04,0.03,0.01,24208,
03_track_80,0.47,0.41,0.04,56960,0.02,0.01,0.00,4476,1.52,1.42,0.09,190996,0.04,0.03,0.01,24456,
03_track_81,,,,,0.02,0.01,0.00,4476,5.35,5.12,0.20,500496,0.07,0.04,0.01,29336,
03_track_82,,,,,0.01,0.01,0.00,4476,,,,,0.09,0.07,0.01,32492,
03_track_83,,,,,0.01,0.01,0.00,4476,,,,,0.07,0.05,0.01,30380,
03_track_84,,,,,0.02,0.01,0.00,4476,,,,,0.08,0.05,0.02,29960,
03_track_85,,,,,0.02,0.01,0.00,4476,4.45,4.29,0.13,283864,0.06,0.04,0.01,28600,
03_track_86,,,,,0.02,0.01,0.00,4476,39.16,38.43,0.62,758028,0.05,0.04,0.01,27900,
03_track_87,,,,,0.02,0.01,0.00,4476,110.53,109.66,0.59,785828,0.06,0.05,0.01,28272,
03_track_88,,,,,0.02,0.01,0.00,4476,36.90,36.06,0.73,764456,0.07,0.05,0.01,28592,
03_track_89,0.69,0.61,0.05,64100,0.02,0.01,0.00,4476,1.94,1.79,0.13,208024,0.06,0.04,0.01,27344,
03_track_9,0.74,0.66,0.05,84520,0.02,0.01,0.00,4476,1.80,1.66,0.12,193860,0.05,0.03,0.01,24212,
03_track_90,,,,,0.02,0.01,0.00,4476,2.34,2.17,0.16,237964,0.05,0.04,0.01,27412,
03_track_91,0.53,0.47,0.04,64340,0.02,0.01,0.00,4476,1.69,1.55,0.13,201356,0.05,0.03,0.01,27260,
03_track_92,1.40,1.29,0.08,267348,0.01,0.01,0.00,4476,2.27,2.14,0.11,210432,0.06,0.04,0.01,28108,
03_track_93,0.66,0.57,0.04,70876,0.01,0.01,0.00,4476,2.08,1.98,0.09,213476,0.06,0.04,0.01,28124,
03_track_94,0.53,0.47,0.04,64288,0.01,0.01,0.00,4476,1.85,1.68,0.10,210952,0.06,0.04,0.01,27300,
03_track_95,0.52,0.47,0.04,63832,0.01,0.01,0.00,4476,1.79,1.67,0.10,211048,0.05,0.03,0.01,27300,
03_track_96,0.62,0.54,0.05,68888,0.01,0.00,0.00,4476,2.02,1.93,0.08,215220,0.05,0.04,0.01,27476,
03_track_97,,,,,0.02,0.01,0.00,4476,1.98,1.89,0.08,212760,0.06,0.04,0.01,27332,
03_track_98,0.51,0.45,0.04,64080,0.02,0.01,0.00,4476,1.86,1.75,0.09,214804,0.05,0.03,0.01,27452,
03_track_99,0.48,0.41,0.04,63404,0.01,0.01,0.00,4476,2.08,1.97,0.09,220448,0.05,0.04,0.01,27440,
04_track_1,0.50,0.44,0.04,63424,0.01,0.01,0.00,4476,1.32,1.24,0.07,180544,0.05,0.03,0.01,24316,
04_track_10,,,,,0.01,0.01,0.00,4476,8.77,8.45,0.28,689084,0.05,0.04,0.01,24860,
04_track_100,0.93,0.83,0.06,72112,0.02,0.01,0.00,4476,3.23,3.07,0.13,272604,0.05,0.03,0.01,24532,
04_track_101,,,,,0.02,0.01,0.00,4476,6.36,6.10,0.23,553324,0.05,0.04,0.01,24692,
04_track_102,,,,,0.01,0.01,0.00,4476,3.56,3.36,0.17,320904,0.04,0.03,0.00,24408,
04_track_103,,,,,0.02,0.01,0.00,4476,3.73,3.53,0.17,337388,0.05,0.03,0.01,24432,
04_track_104,,,,,0.02,0.01,0.00,4476,7.53,7.14,0.35,695172,0.07,0.05,0.01,28472,
04_track_105,109.37,90.36,18.65,30637504,0.02,0.01,0.00,4476,2.77,2.63,0.12,265148,0.05,0.03,0.01,24384,
04_track_106,,,,,0.02,0.01,0.00,4476,,,,,3.53,2.76,0.75,294000,
04_track_107,0.63,0.56,0.04,71356,0.02,0.01,0.00,4476,3.61,3.45,0.13,270904,0.05,0.04,0.01,24544,
04_track_108,,,,,0.02,0.01,0.00,4476,7.61,7.28,0.30,624232,0.05,0.04,0.01,24776,
04_track_109,63.65,47.40,16.09,30582116,0.01,0.01,0.00,4476,4.89,4.59,0.28,400612,0.05,0.04,0.01,24540,
04_track_11,,,,,0.01,0.01,0.00,4476,9.83,9.48,0.31,710384,0.05,0.03,0.01,25060,
04_track_110,,,,,0.01,0.01,0.00,4476,93.24,91.49,1.52,1729728,16.89,12.86,3.98,1092436,
04_track_111,73.99,51.48,22.32,30598612,0.01,0.01,0.00,4476,40.24,39.27,0.86,956808,1.86,1.43,0.41,181336,
04_track_112,0.89,0.69,0.05,72500,0.02,0.01,0.00,4476,5.70,5.44,0.23,340944,0.18,0.14,0.03,42068,
04_track_113,68.85,47.77,20.81,30573240,0.02,0.01,0.00,4476,3.35,3.22,0.12,296784,0.05,0.03,0.01,24404,
04_track_114,,,,,0.01,0.01,0.00,4476,23.48,22.79,0.63,750416,0.04,0.03,0.01,24492,
04_track_115,73.27,47.31,25.77,30597152,0.01,0.01,0.00,4476,50.59,49.97,0.50,1077080,2.61,2.02,0.58,325316,
04_track_116,,,,,0.02,0.01,0.00,4476,4.72,4.55,0.14,407892,0.05,0.03,0.01,24524,
04_track_117,,,,,0.01,0.01,0.00,4476,,,,,0.05,0.03,0.01,24772,
04_track_118,,,,,0.02,0.01,0.00,4476,35.05,34.12,0.83,850572,0.05,0.04,0.01,24788,
04_track_119,0.57,0.52,0.03,62664,0.02,0.01,0.00,4476,3.62,3.48,0.11,282456,0.09,0.07,0.01,31488,
04_track_12,,,,,0.02,0.01,0.00,4476,48.50,47.80,0.57,1182680,0.06,0.04,0.01,25048,
04_track_120,1.16,1.10,0.04,88792,0.02,0.01,0.00,4476,9.18,8.90,0.24,705692,0.05,0.04,0.01,24940,
04_track_121,73.99,57.48,16.30,30580396,0.02,0.01,0.00,4476,29.35,28.84,0.41,955524,,,,,
04_track_122,0.58,0.52,0.04,68184,0.02,0.01,0.00,4476,1.86,1.73,0.11,222936,0.04,0.03,0.01,24492,
04_track_123,77.09,59.26,17.59,30574016,0.02,0.01,0.00,4476,5.43,5.14,0.26,449356,0.05,0.04,0.00,24556,
04_track_124,0.95,0.88,0.05,90488,0.02,0.01,0.00,4476,8.65,8.39,0.21,571032,0.05,0.03,0.01,24632,
04_track_125,6.77,6.09,0.63,986288,0.02,0.01,0.00,4476,9.95,9.50,0.41,703160,0.05,0.03,0.01,24476,
04_track_126,,,,,0.02,0.01,0.00,4476,8.02,7.77,0.22,696564,0.05,0.04,0.00,24892,
04_track_127,,,,,0.02,0.01,0.00,4476,64.22,63.09,0.96,1367336,8.29,6.97,1.29,769448,
04_track_128,,,,,0.01,0.01,0.00,4476,11.72,11.32,0.36,724300,0.07,0.05,0.02,25232,
04_track_129,,,,,0.01,0.01,0.00,4476,3.17,3.03,0.11,281768,0.05,0.03,0.01,24404,
04_track_13,55.08,37.85,17.08,30563688,0.02,0.01,0.00,4476,4.46,4.29,0.15,329768,0.18,0.13,0.04,40040,
04_track_130,,,,,0.02,0.01,0.00,4476,5.10,4.89,0.18,401492,0.05,0.04,0.01,24676,
04_track_131,,,,,0.01,0.01,0.00,4476,2.94,2.83,0.09,266736,0.05,0.03,0.01,24368,
04_track_132,,,,,0.02,0.01,0.00,4476,3.09,2.96,0.12,255140,0.06,0.04,0.01,27900,
04_track_133,15.80,15.52,0.23,813004,0.02,0.01,0.00,4476,3.29,3.11,0.15,277388,0.05,0.04,0.01,27852,
04_track_134,,,,,0.01,0.01,0.00,4476,44.23,43.65,0.45,867692,0.28,0.21,0.06,46064,
04_track_135,104.54,74.84,16.76,31215768,0.02,0.01,0.00,4476,22.08,21.58,0.43,761640,0.05,0.03,0.01,24708,
04_track_136,,,,,0.02,0.01,0.00,4476,23.90,23.44,0.38,849792,0.07,0.05,0.02,28276,
04_track_137,79.93,61.30,7.80,11407632,0.02,0.01,0.00,4476,,,,,2.59,1.77,0.80,210452,
04_track_138,87.33,58.19,18.85,30579124,0.02,0.01,0.00,4476,9.27,9.00,0.23,749784,0.05,0.04,0.01,24952,
04_track_139,,,,,0.02,0.01,0.00,4476,9.61,9.32,0.25,728728,0.06,0.04,0.01,25052,
04_track_14,1.68,1.48,0.07,96784,0.01,0.00,0.00,4476,64.62,63.86,0.58,1218372,9.72,7.68,2.00,313848,
04_track_140,,,,,0.01,0.01,0.00,4476,5.20,5.01,0.16,470296,0.05,0.03,0.01,24572,
04_track_141,,,,,0.01,0.01,0.00,4476,3.53,3.38,0.14,320224,0.05,0.03,0.01,24584,
04_track_142,1.19,1.07,0.08,151944,0.01,0.01,0.00,4476,3.48,3.31,0.15,288072,0.05,0.04,0.01,24556,
04_track_143,,,,,0.02,0.01,0.00,4476,3.20,3.06,0.11,291736,0.05,0.04,0.00,24540,
04_track_144,91.01,64.75,19.13,30579268,0.02,0.01,0.00,4476,2.39,2.28,0.10,248780,0.05,0.03,0.01,24320,
04_track_145,,,,,0.01,0.01,0.00,4476,11.18,10.77,0.37,721892,0.06,0.04,0.01,24752,
04_track_146,,,,,0.01,0.01,0.00,4476,5.56,5.38,0.15,497432,0.05,0.04,0.01,24620,
04_track_147,,,,,0.02,0.01,0.00,4476,2.74,2.61,0.11,250136,0.05,0.03,0.01,24356,
04_track_148,,,,,0.02,0.01,0.00,4476,8.70,8.27,0.39,636380,0.05,0.03,0.01,24532,
04_track_149,1.97,1.44,0.15,216704,0.01,0.01,0.00,4476,2.79,2.59,0.18,261092,0.05,0.03,0.01,24516,
04_track_15,1.42,1.32,0.07,91620,0.02,0.01,0.00,4476,30.02,29.56,0.37,914400,0.31,0.25,0.05,50544,
04_track_150,,,,,0.01,0.01,0.00,4476,7.60,7.38,0.19,498364,0.05,0.04,0.01,24608,
04_track_151,,,,,0.01,0.01,0.00,4476,4.09,3.95,0.13,294788,0.13,0.10,0.02,34540,
04_track_152,,,,,0.02,0.01,0.00,4476,4.96,4.67,0.25,386652,0.05,0.03,0.01,24500,
04_track_153,1.04,0.92,0.08,124300,0.01,0.01,0.00,4476,2.33,2.21,0.10,238616,0.05,0.03,0.01,24496,
04_track_154,79.06,52.65,24.28,30576096,0.02,0.01,0.00,4476,4.18,4.02,0.14,357156,0.06,0.04,0.01,24452,
04_track_155,72.82,50.73,19.58,30597672,0.01,0.01,0.00,4476,13.83,13.51,0.26,725640,0.06,0.04,0.01,25252,
04_track_156,4.58,4.35,0.18,678436,0.02,0.00,0.01,4476,2.83,2.66,0.16,262612,0.05,0.04,0.01,24512,
04_track_157,,,,,0.01,0.01,0.00,4476,3.71,3.52,0.18,305520,0.05,0.03,0.01,24432,
04_track_158,,,,,0.02,0.01,0.00,4476,3.00,2.81,0.18,276372,0.07,0.05,0.01,28864,
04_track_159,,,,,0.02,0.01,0.00,4476,4.35,4.16,0.16,375220,0.05,0.03,0.01,24476,
04_track_16,,,,,0.02,0.01,0.00,4476,17.18,16.82,0.30,799604,0.07,0.05,0.01,25428,
04_track_160,,,,,0.02,0.01,0.00,4476,4.50,4.28,0.19,390900,0.05,0.04,0.01,24480,
04_track_161,,,,,0.02,0.01,0.00,4476,3.66,3.50,0.13,276148,0.05,0.04,0.01,24332,
04_track_162,,,,,0.02,0.01,0.00,4476,13.17,12.74,0.38,701884,0.06,0.04,0.01,28248,
04_track_163,,,,,0.02,0.01,0.00,4476,,,,,0.06,0.04,0.01,25268,
04_track_164,51.00,32.90,14.58,18806160,0.02,0.01,0.00,4476,6.71,6.47,0.21,448332,0.06,0.04,0.01,28084,
04_track_165,0.95,0.87,0.06,84732,0.02,0.01,0.00,4476,6.06,5.88,0.15,338184,0.08,0.05,0.01,28892,
04_track_166,,,,,0.02,0.01,0.00,4476,8.22,7.81,0.38,680464,0.05,0.03,0.01,24812,
04_track_167,,,,,0.02,0.01,0.00,4476,6.49,6.12,0.32,545840,0.05,0.04,0.01,24652,
04_track_168,1.16,1.06,0.07,90316,0.02,0.01,0.00,4476,8.18,7.92,0.22,608380,0.05,0.04,0.01,24908,
04_track_169,,,,,0.02,0.01,0.00,4476,36.15,35.65,0.40,1004620,1.40,1.10,0.28,105924,
04_track_17,,,,,0.01,0.01,0.00,4476,4.12,3.97,0.13,344656,0.05,0.03,0.01,24456,
04_track_170,0.99,0.88,0.06,82512,0.02,0.01,0.00,4476,24.67,23.96,0.63,996828,1.87,1.60,0.26,109640,
04_track_171,,,,,0.02,0.01,0.00,4476,,,,,0.81,0.59,0.21,80868,
04_track_172,1.08,0.57,0.06,63520,0.02,0.01,0.00,4476,1.78,1.64,0.12,208976,0.05,0.03,0.01,24456,
04_track_173,,,,,0.02,0.01,0.00,4476,3.20,3.06,0.11,300656,0.05,0.04,0.01,24404,
04_track_174,1.20,1.13,0.05,86532,0.02,0.01,0.00,4476,10.27,9.98,0.25,715612,0.39,0.33,0.06,54448,
04_track_175,,,,,0.02,0.01,0.00,4476,2.94,2.81,0.12,269704,0.06,0.04,0.01,28252,
04_track_176,,,,,0.02,0.01,0.00,4476,56.92,55.74,1.03,1149068,5.66,3.96,1.68,483952,
04_track_177,110.00,79.44,30.14,31620884,0.02,0.01,0.00,4476,7.59,7.38,0.18,569416,0.05,0.03,0.01,24888,
04_track_178,,,,,0.02,0.01,0.00,4476,1.89,1.78,0.09,205000,0.04,0.03,0.01,24296,
04_track_179,1.31,1.22,0.07,86040,0.02,0.01,0.00,4476,31.76,31.25,0.41,992536,2.67,2.27,0.38,137648,
04_track_18,,,,,0.02,0.01,0.00,4476,2.57,2.41,0.13,255480,0.05,0.03,0.01,27700,
04_track_180,,,,,0.02,0.00,0.00,4476,5.66,5.46,0.17,503008,0.05,0.03,0.01,24632,
04_track_181,,,,,0.01,0.00,0.00,4476,7.89,7.62,0.24,699396,0.05,0.04,0.01,24828,
04_track_182,0.75,0.67,0.06,70724,0.01,0.00,0.00,4476,4.22,3.98,0.21,297652,0.24,0.18,0.05,38424,
04_track_183,,,,,0.01,0.01,0.00,4476,7.09,6.84,0.22,693212,0.05,0.04,0.01,24800,
04_track_184,0.67,0.59,0.04,71348,0.02,0.01,0.00,4476,2.69,2.57,0.10,247876,0.05,0.03,0.01,24512,
04_track_185,,,,,0.02,0.01,0.00,4476,32.71,32.17,0.44,938288,0.06,0.04,0.01,24948,
04_track_186,67.85,41.90,19.56,30570792,0.02,0.01,0.00,4476,50.00,49.27,0.60,1176680,5.15,3.90,1.23,599188,
04_track_187,39.99,28.73,5.82,7992804,0.02,0.01,0.00,4476,4.80,4.61,0.16,409896,0.05,0.04,0.00,24520,
04_track_188,84.25,62.99,18.17,30568868,0.02,0.01,0.00,4476,4.09,3.93,0.12,315140,0.05,0.04,0.01,27996,
04_track_189,,,,,0.01,0.00,0.00,4476,,,,,4.81,3.30,1.49,363976,
04_track_19,,,,,0.01,0.01,0.00,4476,3.01,2.85,0.12,284988,0.05,0.03,0.01,24380,
04_track_190,,,,,0.01,0.01,0.00,4476,5.68,5.49,0.17,471288,0.05,0.03,0.01,24600,
04_track_191,,,,,0.02,0.01,0.00,4476,2.65,2.53,0.09,257796,0.05,0.03,0.01,24360,
04_track_192,,,,,0.02,0.01,0.00,4476,5.87,5.68,0.16,356604,0.28,0.22,0.05,43624,
04_track_193,1.08,1.00,0.05,95532,0.01,0.01,0.00,4476,7.75,7.48,0.23,532592,0.05,0.04,0.01,24688,
04_track_194,,,,,0.01,0.01,0.00,4476,7.03,6.67,0.28,639012,0.06,0.03,0.01,24712,
04_track_195,0.84,0.78,0.04,75948,0.02,0.00,0.00,4476,1.39,1.30,0.08,200208,0.05,0.03,0.01,24480,
04_track_196,,,,,0.02,0.01,0.00,4476,2.33,2.15,0.16,222308,0.06,0.04,0.01,27652,
04_track_197,0.82,0.73,0.05,76144,0.02,0.01,0.00,4476,4.06,3.92,0.12,330744,0.05,0.03,0.01,24556,
04_track_198,0.86,0.78,0.06,75476,0.02,0.01,0.00,4476,5.10,4.94,0.14,305976,0.05,0.03,0.01,24628,
04_track_199,,,,,0.02,0.01,0.00,4476,85.82,84.12,1.48,1680064,9.50,7.47,2.00,1136940,
04_track_2,1.33,1.19,0.10,134888,0.02,0.01,0.00,4476,2.39,2.27,0.10,233676,0.05,0.03,0.00,24500,
04_track_20,2.69,2.42,0.23,380692,0.02,0.01,0.00,4476,3.77,3.58,0.14,297644,0.05,0.03,0.01,24580,
04_track_200,11.81,11.05,0.68,1020152,0.02,0.01,0.00,4476,3.55,3.37,0.16,279000,0.12,0.09,0.02,34020,
04_track_21,102.53,80.34,19.24,30652824,0.02,0.01,0.00,4476,4.03,3.87,0.13,332260,0.05,0.04,0.00,24448,
04_track_22,,,,,0.02,0.01,0.00,4476,15.89,15.48,0.36,893780,0.06,0.05,0.00,25448,
04_track_23,,,,,0.02,0.01,0.00,4476,2.35,2.23,0.10,226528,0.04,0.03,0.00,24328,
04_track_24,,,,,0.02,0.01,0.00,4476,5.54,5.34,0.17,490048,0.06,0.04,0.01,24616,
04_track_25,74.40,58.75,15.00,25326420,0.02,0.01,0.00,4476,4.78,4.53,0.18,417132,0.05,0.03,0.01,24544,
04_track_26,5.60,5.03,0.53,1076040,0.02,0.01,0.00,4476,26.81,26.13,0.60,852948,2.99,2.41,0.57,122280,
04_track_27,,,,,0.02,0.01,0.00,4476,50.35,49.77,0.45,965736,0.07,0.05,0.02,28940,
04_track_28,,,,,0.02,0.01,0.00,4476,38.38,37.89,0.38,954028,0.06,0.04,0.01,24892,
04_track_29,0.78,0.70,0.06,78092,0.02,0.01,0.00,4476,2.25,2.13,0.09,232976,0.05,0.04,0.00,24488,
04_track_3,0.60,0.53,0.06,58948,0.02,0.01,0.00,4476,1.85,1.74,0.10,225012,0.05,0.04,0.01,24492,
04_track_30,0.89,0.80,0.05,68964,0.02,0.01,0.00,4476,2.48,2.33,0.13,235516,0.05,0.04,0.00,24508,
04_track_31,60.98,39.78,18.42,30569124,0.02,0.01,0.00,4476,5.83,5.55,0.25,461064,0.05,0.03,0.01,24616,
04_track_32,,,,,0.02,0.01,0.00,4476,7.05,6.82,0.19,419700,0.05,0.04,0.01,28184,
04_track_33,,,,,0.02,0.01,0.00,4476,4.50,4.26,0.21,369064,0.06,0.04,0.02,24508,
04_track_34,1.47,1.31,0.13,190852,0.02,0.01,0.00,4476,4.86,4.70,0.14,342768,0.24,0.17,0.06,43144,
04_track_35,81.49,78.80,1.27,1384688,0.02,0.01,0.00,4476,3.55,3.29,0.21,314264,0.06,0.03,0.02,24548,
04_track_36,,,,,0.02,0.01,0.01,4476,4.46,4.21,0.23,337532,0.06,0.04,0.01,24604,
04_track_37,,,,,0.02,0.01,0.00,4476,8.61,8.33,0.24,697884,0.08,0.04,0.02,24896,
04_track_38,,,,,0.02,0.01,0.00,4476,95.29,94.29,0.76,1636824,21.38,11.28,5.33,991100,
04_track_39,0.78,0.71,0.04,73988,0.02,0.01,0.00,4476,2.51,2.38,0.11,237304,0.06,0.03,0.02,24496,
04_track_4,60.42,44.42,15.83,30576184,0.02,0.01,0.00,4476,3.64,3.49,0.13,327096,0.05,0.04,0.01,24376,
04_track_40,,,,,0.02,0.01,0.00,4476,55.54,54.00,1.11,1109188,3.23,2.16,1.05,248204,
04_track_41,67.57,50.09,17.27,30581028,0.01,0.01,0.00,4476,8.98,8.73,0.21,710984,0.06,0.04,0.01,24972,
04_track_42,0.95,0.87,0.05,85596,0.02,0.01,0.00,4476,4.60,4.32,0.26,327596,0.05,0.04,0.01,24668,
04_track_43,7.41,7.00,0.35,655536,0.02,0.01,0.00,4476,5.40,5.23,0.14,323484,0.05,0.04,0.01,24564,
04_track_44,,,,,0.02,0.01,0.00,4476,2.50,2.39,0.09,233800,0.05,0.04,0.01,24340,
04_track_45,,,,,0.02,0.01,0.00,4476,3.41,3.19,0.20,302472,0.05,0.03,0.01,24420,
04_track_46,,,,,0.02,0.01,0.00,4476,9.63,9.26,0.33,851020,0.07,0.04,0.02,24980,
04_track_47,,,,,0.02,0.01,0.00,4476,5.29,5.10,0.16,453616,0.05,0.04,0.01,24552,
04_track_48,,,,,0.02,0.01,0.00,4476,50.69,49.86,0.70,1246920,5.27,4.19,1.06,715424,
04_track_49,,,,,0.01,0.00,0.00,4476,,,,,0.21,0.14,0.06,38212,
04_track_5,0.72,0.65,0.05,64440,0.02,0.01,0.00,4476,2.81,2.67,0.12,277628,0.05,0.03,0.01,24508,
04_track_50,92.71,76.10,16.36,31527656,0.02,0.01,0.00,4476,5.32,5.09,0.20,496724,0.05,0.04,0.01,24604,
04_track_51,31.69,30.69,0.88,1020028,0.02,0.01,0.00,4476,2.50,2.36,0.11,240764,0.05,0.03,0.01,24352,
04_track_52,,,,,0.02,0.01,0.00,4476,4.58,4.41,0.15,397736,0.05,0.03,0.01,24512,
04_track_53,,,,,0.02,0.01,0.00,4476,20.30,19.93,0.31,850724,0.08,0.06,0.01,25928,
04_track_54,57.41,39.98,17.27,30595240,0.02,0.01,0.00,4476,4.15,3.99,0.13,349364,0.05,0.03,0.01,24572,
04_track_55,1.05,0.96,0.06,95536,0.02,0.01,0.00,4476,22.41,21.87,0.47,835748,1.65,0.86,0.65,90504,
04_track_56,,,,,0.02,0.01,0.00,4476,4.77,4.60,0.14,397284,0.06,0.03,0.02,24492,
04_track_57,,,,,0.02,0.01,0.00,4476,4.95,4.72,0.20,380980,0.08,0.04,0.03,24496,
04_track_58,1.02,0.92,0.07,101516,0.02,0.01,0.00,4476,3.56,3.37,0.17,285716,0.52,0.03,0.04,24556,
04_track_59,66.59,48.91,17.38,30572084,0.02,0.01,0.01,4476,2.85,2.71,0.11,264156,0.31,0.03,0.03,24340,
04_track_6,0.69,0.60,0.05,63996,0.02,0.01,0.00,4476,2.96,2.81,0.12,271088,0.75,0.04,0.04,24516,
04_track_60,,,,,0.02,0.01,0.00,4476,2.09,1.98,0.10,218372,0.49,0.03,0.03,24292,
04_track_61,,,,,0.02,0.01,0.00,4476,5.81,5.52,0.26,471184,0.51,0.03,0.03,24608,
04_track_62,0.75,0.67,0.05,64580,0.02,0.01,0.00,4476,4.92,4.74,0.15,313120,0.97,0.13,0.07,37244,
04_track_63,,,,,0.02,0.01,0.00,4476,94.74,92.79,1.71,1280460,7.02,4.16,1.81,423424,
04_track_64,69.93,54.59,15.16,30583288,0.02,0.01,0.00,4476,5.46,5.29,0.14,459444,0.07,0.04,0.00,24572,
04_track_65,0.82,0.75,0.05,76064,0.02,0.01,0.00,4476,2.16,2.04,0.10,229948,0.08,0.04,0.01,24500,
04_track_66,0.71,0.65,0.04,64712,0.02,0.01,0.00,4476,5.39,5.12,0.24,330196,0.19,0.13,0.03,37332,
04_track_67,,,,,0.02,0.01,0.00,4476,4.96,4.79,0.13,353540,0.09,0.04,0.01,24648,
04_track_68,,,,,0.02,0.01,0.00,4476,6.95,6.70,0.21,640472,0.06,0.04,0.01,24548,
04_track_69,,,,,0.02,0.01,0.00,4476,7.53,7.25,0.23,566988,0.10,0.04,0.01,24660,
04_track_7,,,,,0.02,0.01,0.01,4476,2.16,2.04,0.10,239604,0.07,0.03,0.01,24492,
04_track_70,,,,,0.02,0.01,0.00,4476,4.38,4.21,0.15,381476,0.06,0.04,0.01,24504,
04_track_71,,,,,0.02,0.01,0.00,4476,7.52,7.25,0.23,643240,0.07,0.04,0.01,24824,
04_track_72,,,,,0.02,0.01,0.00,4476,3.62,3.49,0.12,322688,0.06,0.04,0.01,24428,
04_track_73,36.88,35.70,1.08,1316768,0.02,0.01,0.00,4476,3.58,3.42,0.15,278780,0.07,0.04,0.01,27836,
04_track_74,0.96,0.86,0.06,86328,0.02,0.01,0.00,4476,5.08,4.90,0.16,477104,0.06,0.04,0.01,24568,
04_track_75,21.62,19.58,1.97,2449436,0.01,0.00,0.00,4476,31.43,30.57,0.77,1064732,8.45,6.47,1.94,260004,
04_track_76,56.92,40.26,16.50,30571552,0.02,0.01,0.00,4476,6.34,6.12,0.18,583592,0.07,0.04,0.00,24672,
04_track_77,66.31,47.67,18.39,30582668,0.02,0.01,0.00,4476,4.96,4.77,0.15,422940,0.07,0.04,0.01,24596,
04_track_78,,,,,0.02,0.01,0.00,4476,5.90,5.71,0.16,456064,0.07,0.03,0.01,24540,
04_track_79,,,,,0.02,0.01,0.00,4476,10.55,10.03,0.48,723248,0.08,0.04,0.00,24944,
04_track_8,0.59,0.54,0.04,70728,0.02,0.01,0.00,4476,3.68,3.54,0.11,228140,0.06,0.03,0.01,24316,
04_track_80,,,,,0.02,0.01,0.00,4476,3.33,3.19,0.11,298656,0.07,0.04,0.01,24384,
04_track_81,,,,,0.02,0.00,0.00,4476,5.80,5.59,0.18,460548,0.11,0.04,0.01,24580,
04_track_82,,,,,0.02,0.00,0.00,4476,5.19,5.03,0.13,430508,0.07,0.03,0.01,24568,
04_track_83,,,,,0.01,0.01,0.00,4476,6.36,6.17,0.16,435452,0.07,0.04,0.01,24536,
04_track_84,,,,,0.02,0.01,0.00,4476,8.40,8.13,0.23,699608,0.07,0.03,0.02,24828,
04_track_85,,,,,0.02,0.01,0.00,4476,6.56,6.30,0.23,602188,0.06,0.04,0.01,24692,
04_track_86,,,,,0.02,0.01,0.00,4476,17.11,16.62,0.42,892652,0.11,0.05,0.01,25376,
04_track_87,,,,,0.02,0.01,0.00,4476,2.87,2.70,0.13,266492,0.07,0.03,0.01,24524,
04_track_88,,,,,0.02,0.01,0.00,4476,11.06,10.76,0.26,763276,0.07,0.05,0.01,25100,
04_track_89,71.03,54.14,16.71,30603920,0.02,0.01,0.00,4476,6.71,6.47,0.20,566884,0.07,0.04,0.01,24720,
04_track_9,103.06,80.91,21.89,30570512,0.02,0.01,0.00,4476,6.23,5.98,0.22,466496,0.27,0.18,0.07,40776,
04_track_90,,,,,0.01,0.01,0.00,4476,9.08,8.72,0.33,836636,0.07,0.03,0.01,24932,
04_track_91,,,,,0.01,0.01,0.00,4476,2.96,2.79,0.13,270944,0.08,0.04,0.01,26104,
04_track_92,,,,,0.01,0.01,0.00,4476,2.69,2.57,0.10,243280,0.07,0.03,0.01,24352,
04_track_93,96.30,75.08,19.37,30785300,0.02,0.01,0.00,4476,1.90,1.78,0.10,223200,0.07,0.03,0.01,24456,
04_track_94,68.28,51.40,16.15,30575708,0.02,0.01,0.00,4476,,,,,0.08,0.04,0.01,27940,
04_track_95,,,,,0.02,0.01,0.00,4476,5.93,5.73,0.17,506404,0.06,0.03,0.01,24648,
04_track_96,,,,,0.01,0.01,0.00,4476,3.42,3.24,0.12,307264,0.07,0.04,0.01,24404,
04_track_97,0.88,0.79,0.05,81992,0.01,0.01,0.00,4476,3.22,3.08,0.12,284888,0.05,0.04,0.00,24536,
04_track_98,1.29,1.20,0.06,112208,0.02,0.01,0.00,4476,1.99,1.88,0.09,211896,0.06,0.03,0.01,24428,
04_track_99,,,,,1.54,1.49,0.02,46156,,,,,13.37,9.29,4.02,1029252,
